100
EPI_ISL_402125	1.0	0.0	0.0	0.0	0.0	0.0	0.0	0.0	0.0	0.0	0.0	0.0	0.0	0.0	0.0	0.0	0.0	0.0	0.0	0.0	0.0	0.0	0.0	0.0	0.0	0.0	0.0	0.0	0.0	0.0	0.0	0.0	0.0	0.0	0.0	0.0	0.0	0.0	0.0	0.0	0.0	0.0	0.0	0.0	0.0	0.0	0.0	0.0	0.0	0.0	0.0	0.0	0.0	0.0	0.0	0.0	0.0	0.0	0.0	0.0	0.0	0.0	0.0	0.0	0.0	0.0	0.0	0.0	0.0	0.0	0.0	0.0	0.0	0.0	0.0	0.0	0.0	0.0	0.0	0.0	0.0	0.0	0.0	0.0	0.0	0.0	0.0	0.0	0.0	0.0	0.0	0.0	0.0	0.0	0.0	0.0	0.0	0.0	0.0	0.0	
EPI_ISL_521809	0.0	1.0	0.0	0.0	0.0	0.0	0.0	0.0	0.0	0.0	0.0	0.0	0.0	0.0	0.0	0.0	0.0	0.0	0.0	0.0	0.0	0.0	0.0	0.0	0.0	0.0	0.0	0.0	0.0	0.0	0.0	0.0	0.0	0.0	0.0	0.0	0.0	0.0	0.0	0.0	0.0	0.0	0.0	0.0	0.0	0.0	0.0	0.0	0.0	0.0	0.0	0.0	0.0	0.0	0.0	0.0	0.0	0.0	0.0	0.0	0.0	0.0	0.0	0.0	0.0	0.0	0.0	0.0	0.0	0.0	0.0	0.0	0.0	0.0	0.0	0.0	0.0	0.0	0.0	0.0	0.0	0.0	0.0	0.0	0.0	0.0	0.0	0.0	0.0	0.0	0.0	0.0	0.0	0.0	0.0	0.0	0.0	0.0	0.0	0.0	
EPI_ISL_530237	0.0	0.0	1.0	0.0	0.0	0.0	0.0	0.0	0.0	0.0	0.0	0.0	0.0	0.0	0.0	0.0	0.0	0.0	0.0	0.0	0.0	0.0	0.0	0.0	0.0	0.0	0.0	0.0	0.0	0.0	0.0	0.0	0.0	0.0	0.0	0.0	0.0	0.0	0.0	0.0	0.0	0.0	0.0	0.0	0.0	0.0	0.0	0.0	0.0	0.0	0.0	0.0	0.0	0.0	0.0	0.0	0.0	0.0	0.0	0.0	0.0	0.0	0.0	0.0	0.0	0.0	0.0	0.0	0.0	0.0	0.0	0.0	0.0	0.0	0.0	0.0	0.0	0.0	0.0	0.0	0.0	0.0	0.0	0.0	0.0	0.0	0.0	0.0	0.0	0.0	0.0	0.0	0.0	0.0	0.0	0.0	0.0	0.0	0.0	0.0	
EPI_ISL_678363	0.0	0.0	0.0	1.0	0.12903225806451613	0.0	0.0	0.25925925925925924	0.25	0.2692307692307692	0.0967741935483871	0.2692307692307692	0.2413793103448276	0.12	0.2692307692307692	0.23333333333333334	0.09375	0.125	0.09523809523809523	0.25925925925925924	0.12	0.06451612903225806	0.2692307692307692	0.25	0.09375	0.11538461538461539	0.11538461538461539	0.25	0.23333333333333334	0.25	0.23333333333333334	0.12	0.09523809523809523	0.1	0.2692307692307692	0.125	0.125	0.2692307692307692	0.25925925925925924	0.2692307692307692	0.25925925925925924	0.0	0.0	0.0	0.0	0.0	0.0	0.0	0.0	0.0	0.0	0.0	0.0	0.0	0.0	0.0	0.0	0.0	0.0	0.0	0.0	0.0	0.0	0.0	0.0	0.0	0.0	0.0	0.0	0.0	0.0	0.0	0.0	0.0	0.0	0.0	0.0	0.0	0.0	0.0	0.0	0.0	0.0	0.0	0.0	0.0	0.0	0.0	0.0	0.0	0.0	0.0	0.0	0.0	0.0	0.0	0.0	0.0	0.0	0.0	
EPI_ISL_593164	0.0	0.0	0.0	0.12903225806451613	1.0	0.0	0.0	0.2692307692307692	0.25925925925925924	0.28	0.5714285714285714	0.28	0.25	0.35	0.28	0.2413793103448276	0.3076923076923077	0.3684210526315789	0.2222222222222222	0.2692307692307692	0.35	0.14285714285714285	0.28	0.25925925925925924	0.5454545454545454	0.3333333333333333	0.3333333333333333	0.25925925925925924	0.2413793103448276	0.25925925925925924	0.2413793103448276	0.35	0.2222222222222222	0.14285714285714285	0.28	0.3684210526315789	0.3684210526315789	0.28	0.2692307692307692	0.28	0.2692307692307692	0.0	0.0	0.0	0.0	0.0	0.0	0.0	0.18518518518518517	0.0	0.0	0.0	0.0	0.0	0.0	0.0	0.0	0.0	0.0	0.0	0.0	0.0	0.0	0.0	0.0	0.0	0.0	0.0	0.0	0.03125	0.0	0.0	0.030303030303030304	0.0	0.0	0.0	0.03225806451612903	0.0	0.03125	0.029411764705882353	0.030303030303030304	0.03125	0.029411764705882353	0.030303030303030304	0.030303030303030304	0.030303030303030304	0.030303030303030304	0.03125	0.030303030303030304	0.03125	0.03225806451612903	0.03225806451612903	0.03125	0.0	0.03125	0.030303030303030304	0.03125	0.03225806451612903	0.03225806451612903	0.03125	
EPI_ISL_521525	0.0	0.0	0.0	0.0	0.0	1.0	0.0	0.0	0.0	0.0	0.0	0.0	0.0	0.0	0.0	0.0	0.0	0.0	0.0	0.0	0.0	0.0	0.0	0.0	0.0	0.0	0.0	0.0	0.0	0.0	0.0	0.0	0.0	0.0	0.0	0.0	0.0	0.0	0.0	0.0	0.0	0.0	0.0	0.0	0.0	0.0	0.0	0.0	0.0	0.0	0.0	0.0	0.0	0.0	0.0	0.0	0.0	0.0	0.0	0.0	0.0	0.0	0.0	0.0	0.0	0.0	0.0	0.0	0.0	0.0	0.0	0.0	0.0	0.0	0.0	0.0	0.0	0.0	0.0	0.0	0.0	0.0	0.0	0.0	0.0	0.0	0.0	0.0	0.0	0.0	0.0	0.0	0.0	0.0	0.0	0.0	0.0	0.0	0.0	0.0	
EPI_ISL_639749	0.0	0.0	0.0	0.0	0.0	0.0	1.0	0.0	0.0	0.0	0.0	0.0	0.0	0.0	0.0	0.0	0.0	0.0	0.0	0.0	0.0	0.0	0.0	0.0	0.0	0.0	0.0	0.0	0.0	0.0	0.0	0.0	0.0	0.0	0.0	0.0	0.0	0.0	0.0	0.0	0.0	0.0	0.0	0.0	0.0	0.0	0.0	0.0	0.0	0.0	0.0	0.0	0.0	0.0	0.0	0.0	0.0	0.0	0.0	0.0	0.0	0.0	0.0	0.0	0.0	0.0	0.0	0.0	0.0	0.0	0.0	0.0	0.0	0.0	0.0	0.0	0.0	0.0	0.0	0.0	0.0	0.0	0.0	0.0	0.0	0.0	0.0	0.0	0.0	0.0	0.0	0.0	0.0	0.0	0.0	0.0	0.0	0.0	0.0	0.0	
EPI_ISL_663765	0.0	0.0	0.0	0.25925925925925924	0.2692307692307692	0.0	0.0	1.0	0.8333333333333334	0.9375	0.45454545454545453	0.9375	0.7894736842105263	0.625	0.9375	0.75	0.5	0.5625	0.3125	0.8823529411764706	0.5294117647058824	0.19230769230769232	0.9375	0.8333333333333334	0.375	0.5	0.5	0.8333333333333334	0.75	0.8333333333333334	0.75	0.625	0.3125	0.24	0.9375	0.5625	0.5625	0.9375	0.8823529411764706	0.9375	0.8823529411764706	0.0	0.0	0.0	0.0	0.0	0.0	0.0	0.0	0.0	0.0	0.0	0.0	0.0	0.0	0.0	0.0	0.0	0.0	0.0	0.0	0.0	0.0	0.0	0.0	0.0	0.0	0.0	0.0	0.0	0.0	0.0	0.0	0.0	0.0	0.0	0.0	0.0	0.0	0.0	0.0	0.0	0.0	0.0	0.0	0.0	0.0	0.0	0.0	0.0	0.0	0.0	0.0	0.0	0.0	0.0	0.0	0.0	0.0	0.0	
EPI_ISL_779546	0.0	0.0	0.0	0.25	0.25925925925925924	0.0	0.0	0.8333333333333334	1.0	0.8823529411764706	0.43478260869565216	0.8823529411764706	0.9444444444444444	0.5	0.8823529411764706	0.8947368421052632	0.4166666666666667	0.5294117647058824	0.29411764705882354	0.8333333333333334	0.5	0.18518518518518517	0.8823529411764706	1.0	0.36	0.47368421052631576	0.47368421052631576	0.7894736842105263	0.8947368421052632	1.0	0.8947368421052632	0.5	0.29411764705882354	0.23076923076923078	0.8823529411764706	0.5294117647058824	0.5294117647058824	0.8823529411764706	0.8333333333333334	0.8823529411764706	0.8333333333333334	0.0	0.0	0.0	0.0	0.0	0.0	0.0	0.0	0.0	0.0	0.0	0.0	0.0	0.0	0.0	0.0	0.0	0.0	0.0	0.0	0.0	0.0	0.0	0.0	0.0	0.0	0.0	0.0	0.0	0.0	0.0	0.0	0.0	0.0	0.0	0.0	0.0	0.0	0.0	0.0	0.0	0.0	0.0	0.0	0.0	0.0	0.0	0.0	0.0	0.0	0.0	0.0	0.0	0.0	0.0	0.0	0.0	0.0	0.0	
EPI_ISL_519393	0.0	0.0	0.0	0.2692307692307692	0.28	0.0	0.0	0.9375	0.8823529411764706	1.0	0.47619047619047616	1.0	0.8333333333333334	0.5625	1.0	0.7894736842105263	0.45454545454545453	0.6	0.3333333333333333	0.9375	0.5625	0.2	1.0	0.8823529411764706	0.391304347826087	0.5294117647058824	0.5294117647058824	0.8823529411764706	0.7894736842105263	0.8823529411764706	0.7894736842105263	0.5625	0.3333333333333333	0.25	1.0	0.6	0.6	1.0	0.9375	1.0	0.9375	0.0	0.0	0.0	0.0	0.0	0.0	0.0	0.0	0.0	0.0	0.0	0.0	0.0	0.0	0.0	0.0	0.0	0.0	0.0	0.0	0.0	0.0	0.0	0.0	0.0	0.0	0.0	0.0	0.0	0.0	0.0	0.0	0.0	0.0	0.0	0.0	0.0	0.0	0.0	0.0	0.0	0.0	0.0	0.0	0.0	0.0	0.0	0.0	0.0	0.0	0.0	0.0	0.0	0.0	0.0	0.0	0.0	0.0	0.0	
EPI_ISL_592019	0.0	0.0	0.0	0.0967741935483871	0.5714285714285714	0.0	0.0	0.45454545454545453	0.43478260869565216	0.47619047619047616	1.0	0.47619047619047616	0.4166666666666667	0.5294117647058824	0.47619047619047616	0.4	0.5	0.5625	0.3125	0.5238095238095238	0.625	0.19230769230769232	0.47619047619047616	0.43478260869565216	0.7368421052631579	0.5	0.5	0.43478260869565216	0.4	0.43478260869565216	0.4	0.5294117647058824	0.3125	0.19230769230769232	0.47619047619047616	0.5625	0.5625	0.47619047619047616	0.5238095238095238	0.47619047619047616	0.5238095238095238	0.0	0.0	0.0	0.0	0.0	0.0	0.0	0.19230769230769232	0.0	0.0	0.0	0.0	0.0	0.0	0.0	0.0	0.0	0.0	0.0	0.0	0.0	0.0	0.0	0.0	0.0	0.0	0.0	0.0	0.0	0.0	0.0	0.0	0.0	0.0	0.0	0.03333333333333333	0.0	0.03225806451612903	0.030303030303030304	0.03125	0.03225806451612903	0.030303030303030304	0.03125	0.03125	0.03125	0.03125	0.03225806451612903	0.03125	0.03225806451612903	0.03333333333333333	0.03333333333333333	0.03225806451612903	0.0	0.03225806451612903	0.03125	0.03225806451612903	0.03333333333333333	0.03333333333333333	0.03225806451612903	
EPI_ISL_518914	0.0	0.0	0.0	0.2692307692307692	0.28	0.0	0.0	0.9375	0.8823529411764706	1.0	0.47619047619047616	1.0	0.8333333333333334	0.5625	1.0	0.7894736842105263	0.45454545454545453	0.6	0.3333333333333333	0.9375	0.5625	0.2	1.0	0.8823529411764706	0.391304347826087	0.5294117647058824	0.5294117647058824	0.8823529411764706	0.7894736842105263	0.8823529411764706	0.7894736842105263	0.5625	0.3333333333333333	0.25	1.0	0.6	0.6	1.0	0.9375	1.0	0.9375	0.0	0.0	0.0	0.0	0.0	0.0	0.0	0.0	0.0	0.0	0.0	0.0	0.0	0.0	0.0	0.0	0.0	0.0	0.0	0.0	0.0	0.0	0.0	0.0	0.0	0.0	0.0	0.0	0.0	0.0	0.0	0.0	0.0	0.0	0.0	0.0	0.0	0.0	0.0	0.0	0.0	0.0	0.0	0.0	0.0	0.0	0.0	0.0	0.0	0.0	0.0	0.0	0.0	0.0	0.0	0.0	0.0	0.0	0.0	
EPI_ISL_593182	0.0	0.0	0.0	0.2413793103448276	0.25	0.0	0.0	0.7894736842105263	0.9444444444444444	0.8333333333333334	0.4166666666666667	0.8333333333333334	1.0	0.47368421052631576	0.8333333333333334	0.85	0.4	0.5	0.2777777777777778	0.7894736842105263	0.47368421052631576	0.17857142857142858	0.8333333333333334	0.9444444444444444	0.34615384615384615	0.45	0.45	0.75	0.85	0.9444444444444444	0.85	0.47368421052631576	0.2777777777777778	0.2222222222222222	0.8333333333333334	0.5	0.5	0.8333333333333334	0.7894736842105263	0.8333333333333334	0.7894736842105263	0.0	0.0	0.0	0.0	0.0	0.0	0.0	0.0	0.0	0.0	0.0	0.0	0.0	0.0	0.0	0.0	0.0	0.0	0.0	0.0	0.0	0.0	0.0	0.0	0.0	0.0	0.0	0.0	0.0	0.0	0.0	0.0	0.0	0.0	0.0	0.0	0.0	0.0	0.0	0.0	0.0	0.0	0.0	0.0	0.0	0.0	0.0	0.0	0.0	0.0	0.0	0.0	0.0	0.0	0.0	0.0	0.0	0.0	0.0	
EPI_ISL_592235	0.0	0.0	0.0	0.12	0.35	0.0	0.0	0.625	0.5	0.5625	0.5294117647058824	0.5625	0.47368421052631576	1.0	0.5625	0.45	0.5882352941176471	0.9	0.5	0.5294117647058824	0.8181818181818182	0.25	0.5625	0.5	0.5	0.75	0.75	0.5	0.45	0.5	0.45	1.0	0.5	0.25	0.5625	0.9	0.9	0.5625	0.5294117647058824	0.5625	0.5294117647058824	0.0	0.0	0.0	0.0	0.0	0.0	0.0	0.0	0.0	0.0	0.0	0.0	0.0	0.0	0.0	0.0	0.0	0.0	0.0	0.0	0.0	0.0	0.0	0.0	0.0	0.0	0.0	0.0	0.0	0.0	0.0	0.0	0.0	0.0	0.0	0.0	0.0	0.0	0.0	0.0	0.0	0.0	0.0	0.0	0.0	0.0	0.0	0.0	0.0	0.0	0.0	0.0	0.0	0.0	0.0	0.0	0.0	0.0	0.0	
EPI_ISL_527036	0.0	0.0	0.0	0.2692307692307692	0.28	0.0	0.0	0.9375	0.8823529411764706	1.0	0.47619047619047616	1.0	0.8333333333333334	0.5625	1.0	0.7894736842105263	0.45454545454545453	0.6	0.3333333333333333	0.9375	0.5625	0.2	1.0	0.8823529411764706	0.391304347826087	0.5294117647058824	0.5294117647058824	0.8823529411764706	0.7894736842105263	0.8823529411764706	0.7894736842105263	0.5625	0.3333333333333333	0.25	1.0	0.6	0.6	1.0	0.9375	1.0	0.9375	0.0	0.0	0.0	0.0	0.0	0.0	0.0	0.0	0.0	0.0	0.0	0.0	0.0	0.0	0.0	0.0	0.0	0.0	0.0	0.0	0.0	0.0	0.0	0.0	0.0	0.0	0.0	0.0	0.0	0.0	0.0	0.0	0.0	0.0	0.0	0.0	0.0	0.0	0.0	0.0	0.0	0.0	0.0	0.0	0.0	0.0	0.0	0.0	0.0	0.0	0.0	0.0	0.0	0.0	0.0	0.0	0.0	0.0	0.0	
EPI_ISL_779603	0.0	0.0	0.0	0.23333333333333334	0.2413793103448276	0.0	0.0	0.75	0.8947368421052632	0.7894736842105263	0.4	0.7894736842105263	0.85	0.45	0.7894736842105263	1.0	0.38461538461538464	0.47368421052631576	0.2631578947368421	0.75	0.45	0.1724137931034483	0.7894736842105263	0.8947368421052632	0.3333333333333333	0.42857142857142855	0.42857142857142855	0.7142857142857143	0.8095238095238095	0.8947368421052632	0.8095238095238095	0.45	0.2631578947368421	0.21428571428571427	0.7894736842105263	0.47368421052631576	0.47368421052631576	0.7894736842105263	0.75	0.7894736842105263	0.75	0.0	0.0	0.0	0.0	0.0	0.0	0.0	0.0	0.0	0.0	0.0	0.0	0.0	0.0	0.0	0.0	0.0	0.0	0.0	0.0	0.0	0.0	0.0	0.0	0.0	0.0	0.0	0.0	0.0	0.0	0.0	0.0	0.0	0.0	0.0	0.0	0.0	0.0	0.0	0.0	0.0	0.0	0.0	0.0	0.0	0.0	0.0	0.0	0.0	0.0	0.0	0.0	0.0	0.0	0.0	0.0	0.0	0.0	0.0	
EPI_ISL_593419	0.0	0.0	0.0	0.09375	0.3076923076923077	0.0	0.0	0.5	0.4166666666666667	0.45454545454545453	0.5	0.45454545454545453	0.4	0.5882352941176471	0.45454545454545453	0.38461538461538464	1.0	0.5294117647058824	0.29411764705882354	0.43478260869565216	0.5	0.18518518518518517	0.45454545454545453	0.4166666666666667	0.4166666666666667	0.47368421052631576	0.47368421052631576	0.4166666666666667	0.38461538461538464	0.4166666666666667	0.38461538461538464	0.5882352941176471	0.29411764705882354	0.18518518518518517	0.45454545454545453	0.5294117647058824	0.5294117647058824	0.45454545454545453	0.43478260869565216	0.45454545454545453	0.43478260869565216	0.0	0.0	0.0	0.0	0.0	0.0	0.0	0.03225806451612903	0.0	0.0	0.0	0.0	0.0	0.0	0.0	0.0	0.0	0.0	0.0	0.0	0.0	0.0	0.0	0.0	0.0	0.0	0.0	0.0	0.03125	0.0	0.0	0.0	0.0	0.0	0.0	0.18518518518518517	0.0	0.17857142857142858	0.16666666666666666	0.1724137931034483	0.0	0.0	0.1724137931034483	0.1724137931034483	0.1724137931034483	0.1724137931034483	0.17857142857142858	0.1724137931034483	0.17857142857142858	0.18518518518518517	0.18518518518518517	0.17857142857142858	0.0	0.0	0.0	0.0	0.0	0.0	0.0	
EPI_ISL_592908	0.0	0.0	0.0	0.125	0.3684210526315789	0.0	0.0	0.5625	0.5294117647058824	0.6	0.5625	0.6	0.5	0.9	0.6	0.47368421052631576	0.5294117647058824	1.0	0.5555555555555556	0.5625	0.9	0.2631578947368421	0.6	0.5294117647058824	0.5294117647058824	0.8181818181818182	0.8181818181818182	0.5294117647058824	0.47368421052631576	0.5294117647058824	0.47368421052631576	0.9	0.5555555555555556	0.2631578947368421	0.6	1.0	1.0	0.6	0.5625	0.6	0.5625	0.0	0.0	0.0	0.0	0.0	0.0	0.0	0.0	0.0	0.0	0.0	0.0	0.0	0.0	0.0	0.0	0.0	0.0	0.0	0.0	0.0	0.0	0.0	0.0	0.0	0.0	0.0	0.0	0.0	0.0	0.0	0.0	0.0	0.0	0.0	0.0	0.0	0.0	0.0	0.0	0.0	0.0	0.0	0.0	0.0	0.0	0.0	0.0	0.0	0.0	0.0	0.0	0.0	0.0	0.0	0.0	0.0	0.0	0.0	
EPI_ISL_591856	0.0	0.0	0.0	0.09523809523809523	0.2222222222222222	0.0	0.0	0.3125	0.29411764705882354	0.3333333333333333	0.3125	0.3333333333333333	0.2777777777777778	0.5	0.3333333333333333	0.2631578947368421	0.29411764705882354	0.5555555555555556	1.0	0.3125	0.5	0.3333333333333333	0.3333333333333333	0.29411764705882354	0.29411764705882354	0.45454545454545453	0.45454545454545453	0.29411764705882354	0.2631578947368421	0.29411764705882354	0.2631578947368421	0.5	1.0	0.3333333333333333	0.3333333333333333	0.5555555555555556	0.5555555555555556	0.3333333333333333	0.3125	0.3333333333333333	0.3125	0.0	0.0	0.0	0.0	0.0	0.0	0.0	0.0	0.0	0.0	0.0	0.0	0.0	0.0	0.0	0.0	0.0	0.0	0.0	0.0	0.0	0.0	0.0	0.0	0.0	0.0	0.0	0.0	0.0	0.0	0.0	0.0	0.0	0.0	0.0	0.0	0.0	0.0	0.0	0.0	0.0	0.0	0.0	0.0	0.0	0.0	0.0	0.0	0.0	0.0	0.0	0.0	0.0	0.0	0.0	0.0	0.0	0.0	0.0	
EPI_ISL_519242	0.0	0.0	0.0	0.25925925925925924	0.2692307692307692	0.0	0.0	0.8823529411764706	0.8333333333333334	0.9375	0.5238095238095238	0.9375	0.7894736842105263	0.5294117647058824	0.9375	0.75	0.43478260869565216	0.5625	0.3125	1.0	0.625	0.19230769230769232	0.9375	0.8333333333333334	0.375	0.5	0.5	0.8333333333333334	0.75	0.8333333333333334	0.75	0.5294117647058824	0.3125	0.24	0.9375	0.5625	0.5625	0.9375	1.0	0.9375	1.0	0.0	0.0	0.0	0.0	0.0	0.0	0.0	0.0	0.0	0.0	0.0	0.0	0.0	0.0	0.0	0.0	0.0	0.0	0.0	0.0	0.0	0.0	0.0	0.0	0.0	0.0	0.0	0.0	0.0	0.0	0.0	0.0	0.0	0.0	0.0	0.0	0.0	0.0	0.0	0.0	0.0	0.0	0.0	0.0	0.0	0.0	0.0	0.0	0.0	0.0	0.0	0.0	0.0	0.0	0.0	0.0	0.0	0.0	0.0	
EPI_ISL_663941	0.0	0.0	0.0	0.12	0.35	0.0	0.0	0.5294117647058824	0.5	0.5625	0.625	0.5625	0.47368421052631576	0.8181818181818182	0.5625	0.45	0.5	0.9	0.5	0.625	1.0	0.25	0.5625	0.5	0.5	0.75	0.75	0.5	0.45	0.5	0.45	0.8181818181818182	0.5	0.25	0.5625	0.9	0.9	0.5625	0.625	0.5625	0.625	0.0	0.0	0.0	0.0	0.0	0.0	0.0	0.0	0.0	0.0	0.0	0.0	0.0	0.0	0.0	0.0	0.0	0.0	0.0	0.0	0.0	0.0	0.0	0.0	0.0	0.0	0.0	0.0	0.0	0.0	0.0	0.0	0.0	0.0	0.0	0.0	0.0	0.0	0.0	0.0	0.0	0.0	0.0	0.0	0.0	0.0	0.0	0.0	0.0	0.0	0.0	0.0	0.0	0.0	0.0	0.0	0.0	0.0	0.0	
EPI_ISL_592072	0.0	0.0	0.0	0.06451612903225806	0.14285714285714285	0.0	0.0	0.19230769230769232	0.18518518518518517	0.2	0.19230769230769232	0.2	0.17857142857142858	0.25	0.2	0.1724137931034483	0.18518518518518517	0.2631578947368421	0.3333333333333333	0.19230769230769232	0.25	1.0	0.2	0.18518518518518517	0.18518518518518517	0.23809523809523808	0.23809523809523808	0.18518518518518517	0.1724137931034483	0.18518518518518517	0.1724137931034483	0.25	0.3333333333333333	0.2	0.2	0.2631578947368421	0.2631578947368421	0.2	0.19230769230769232	0.2	0.19230769230769232	0.034482758620689655	0.0	0.034482758620689655	0.03333333333333333	0.0	0.03333333333333333	0.0	0.0	0.0	0.0	0.0	0.0	0.0	0.0	0.0	0.0	0.0	0.0	0.0	0.0	0.0	0.0	0.0	0.0	0.0	0.0	0.0	0.0	0.0	0.0	0.0	0.0	0.0	0.0	0.0	0.0	0.0	0.0	0.0	0.0	0.0	0.0	0.0	0.0	0.0	0.0	0.0	0.0	0.0	0.0	0.0	0.0	0.0	0.0	0.0	0.0	0.0	0.0	0.0	
EPI_ISL_519507	0.0	0.0	0.0	0.2692307692307692	0.28	0.0	0.0	0.9375	0.8823529411764706	1.0	0.47619047619047616	1.0	0.8333333333333334	0.5625	1.0	0.7894736842105263	0.45454545454545453	0.6	0.3333333333333333	0.9375	0.5625	0.2	1.0	0.8823529411764706	0.391304347826087	0.5294117647058824	0.5294117647058824	0.8823529411764706	0.7894736842105263	0.8823529411764706	0.7894736842105263	0.5625	0.3333333333333333	0.25	1.0	0.6	0.6	1.0	0.9375	1.0	0.9375	0.0	0.0	0.0	0.0	0.0	0.0	0.0	0.0	0.0	0.0	0.0	0.0	0.0	0.0	0.0	0.0	0.0	0.0	0.0	0.0	0.0	0.0	0.0	0.0	0.0	0.0	0.0	0.0	0.0	0.0	0.0	0.0	0.0	0.0	0.0	0.0	0.0	0.0	0.0	0.0	0.0	0.0	0.0	0.0	0.0	0.0	0.0	0.0	0.0	0.0	0.0	0.0	0.0	0.0	0.0	0.0	0.0	0.0	0.0	
EPI_ISL_592895	0.0	0.0	0.0	0.25	0.25925925925925924	0.0	0.0	0.8333333333333334	1.0	0.8823529411764706	0.43478260869565216	0.8823529411764706	0.9444444444444444	0.5	0.8823529411764706	0.8947368421052632	0.4166666666666667	0.5294117647058824	0.29411764705882354	0.8333333333333334	0.5	0.18518518518518517	0.8823529411764706	1.0	0.36	0.47368421052631576	0.47368421052631576	0.7894736842105263	0.8947368421052632	1.0	0.8947368421052632	0.5	0.29411764705882354	0.23076923076923078	0.8823529411764706	0.5294117647058824	0.5294117647058824	0.8823529411764706	0.8333333333333334	0.8823529411764706	0.8333333333333334	0.0	0.0	0.0	0.0	0.0	0.0	0.0	0.0	0.0	0.0	0.0	0.0	0.0	0.0	0.0	0.0	0.0	0.0	0.0	0.0	0.0	0.0	0.0	0.0	0.0	0.0	0.0	0.0	0.0	0.0	0.0	0.0	0.0	0.0	0.0	0.0	0.0	0.0	0.0	0.0	0.0	0.0	0.0	0.0	0.0	0.0	0.0	0.0	0.0	0.0	0.0	0.0	0.0	0.0	0.0	0.0	0.0	0.0	0.0	
EPI_ISL_641278	0.0	0.0	0.0	0.09375	0.5454545454545454	0.0	0.0	0.375	0.36	0.391304347826087	0.7368421052631579	0.391304347826087	0.34615384615384615	0.5	0.391304347826087	0.3333333333333333	0.4166666666666667	0.5294117647058824	0.29411764705882354	0.375	0.5	0.18518518518518517	0.391304347826087	0.36	1.0	0.47368421052631576	0.47368421052631576	0.36	0.3333333333333333	0.36	0.3333333333333333	0.5	0.29411764705882354	0.18518518518518517	0.391304347826087	0.5294117647058824	0.5294117647058824	0.391304347826087	0.375	0.391304347826087	0.375	0.0	0.0	0.0	0.0	0.0	0.0	0.0	0.23076923076923078	0.0	0.0	0.0	0.0	0.0	0.0	0.0	0.0	0.0	0.0	0.0	0.0	0.0	0.0	0.0	0.0	0.0	0.0	0.0	0.0	0.0	0.0	0.0	0.0	0.0	0.0	0.0	0.03225806451612903	0.0	0.03125	0.029411764705882353	0.030303030303030304	0.03125	0.029411764705882353	0.030303030303030304	0.030303030303030304	0.030303030303030304	0.030303030303030304	0.03125	0.030303030303030304	0.03125	0.03225806451612903	0.03225806451612903	0.03125	0.0	0.03125	0.030303030303030304	0.03125	0.03225806451612903	0.03225806451612903	0.03125	
EPI_ISL_563371	0.0	0.0	0.0	0.11538461538461539	0.3333333333333333	0.0	0.0	0.5	0.47368421052631576	0.5294117647058824	0.5	0.5294117647058824	0.45	0.75	0.5294117647058824	0.42857142857142855	0.47368421052631576	0.8181818181818182	0.45454545454545453	0.5	0.75	0.23809523809523808	0.5294117647058824	0.47368421052631576	0.47368421052631576	1.0	0.6923076923076923	0.47368421052631576	0.5789473684210527	0.47368421052631576	0.5789473684210527	0.75	0.45454545454545453	0.23809523809523808	0.5294117647058824	0.8181818181818182	0.8181818181818182	0.5294117647058824	0.5	0.5294117647058824	0.5	0.0	0.0	0.0	0.0	0.0	0.0	0.0	0.0	0.0	0.0	0.0	0.0	0.0	0.0	0.0	0.0	0.0	0.0	0.0	0.0	0.0	0.0	0.0	0.0	0.0	0.0	0.0	0.0	0.0	0.0	0.0	0.0	0.0	0.0	0.0	0.0	0.0	0.0	0.0	0.0	0.0	0.0	0.0	0.0	0.0	0.0	0.0	0.0	0.0	0.0	0.0	0.0	0.0	0.0	0.0	0.0	0.0	0.0	0.0	
EPI_ISL_593413	0.0	0.0	0.0	0.11538461538461539	0.3333333333333333	0.0	0.0	0.5	0.47368421052631576	0.5294117647058824	0.5	0.5294117647058824	0.45	0.75	0.5294117647058824	0.42857142857142855	0.47368421052631576	0.8181818181818182	0.45454545454545453	0.5	0.75	0.23809523809523808	0.5294117647058824	0.47368421052631576	0.47368421052631576	0.6923076923076923	1.0	0.47368421052631576	0.42857142857142855	0.47368421052631576	0.42857142857142855	0.75	0.45454545454545453	0.23809523809523808	0.5294117647058824	0.8181818181818182	0.8181818181818182	0.5294117647058824	0.5	0.5294117647058824	0.5	0.0	0.0	0.0	0.0	0.0	0.0	0.0	0.0	0.0	0.0	0.0	0.0	0.0	0.0	0.0	0.0	0.0	0.0	0.0	0.0	0.0	0.0	0.0	0.0	0.0	0.0	0.0	0.0	0.0	0.0	0.0	0.0	0.0	0.0	0.0	0.0	0.0	0.0	0.0	0.0	0.0	0.0	0.0	0.0	0.0	0.0	0.0	0.0	0.0	0.0	0.0	0.0	0.0	0.0	0.0	0.0	0.0	0.0	0.0	
EPI_ISL_779467	0.0	0.0	0.0	0.25	0.25925925925925924	0.0	0.0	0.8333333333333334	0.7894736842105263	0.8823529411764706	0.43478260869565216	0.8823529411764706	0.75	0.5	0.8823529411764706	0.7142857142857143	0.4166666666666667	0.5294117647058824	0.29411764705882354	0.8333333333333334	0.5	0.18518518518518517	0.8823529411764706	0.7894736842105263	0.36	0.47368421052631576	0.47368421052631576	1.0	0.7142857142857143	0.7894736842105263	0.7142857142857143	0.5	0.29411764705882354	0.23076923076923078	0.8823529411764706	0.5294117647058824	0.5294117647058824	0.8823529411764706	0.8333333333333334	0.8823529411764706	0.8333333333333334	0.0	0.0	0.0	0.0	0.0	0.0	0.0	0.0	0.0	0.0	0.0	0.0	0.0	0.0	0.0	0.0	0.0	0.0	0.0	0.0	0.0	0.0	0.0	0.0	0.0	0.0	0.0	0.0	0.0	0.0	0.0	0.0	0.0	0.0	0.0	0.0	0.0	0.0	0.0	0.0	0.0	0.0	0.0	0.0	0.0	0.0	0.0	0.0	0.0	0.0	0.0	0.0	0.0	0.0	0.0	0.0	0.0	0.0	0.0	
EPI_ISL_563394	0.0	0.0	0.0	0.23333333333333334	0.2413793103448276	0.0	0.0	0.75	0.8947368421052632	0.7894736842105263	0.4	0.7894736842105263	0.85	0.45	0.7894736842105263	0.8095238095238095	0.38461538461538464	0.47368421052631576	0.2631578947368421	0.75	0.45	0.1724137931034483	0.7894736842105263	0.8947368421052632	0.3333333333333333	0.5789473684210527	0.42857142857142855	0.7142857142857143	1.0	0.8947368421052632	1.0	0.45	0.2631578947368421	0.21428571428571427	0.7894736842105263	0.47368421052631576	0.47368421052631576	0.7894736842105263	0.75	0.7894736842105263	0.75	0.0	0.0	0.0	0.0	0.0	0.0	0.0	0.0	0.0	0.0	0.0	0.0	0.0	0.0	0.0	0.0	0.0	0.0	0.0	0.0	0.0	0.0	0.0	0.0	0.0	0.0	0.0	0.0	0.0	0.0	0.0	0.0	0.0	0.0	0.0	0.0	0.0	0.0	0.0	0.0	0.0	0.0	0.0	0.0	0.0	0.0	0.0	0.0	0.0	0.0	0.0	0.0	0.0	0.0	0.0	0.0	0.0	0.0	0.0	
EPI_ISL_779543	0.0	0.0	0.0	0.25	0.25925925925925924	0.0	0.0	0.8333333333333334	1.0	0.8823529411764706	0.43478260869565216	0.8823529411764706	0.9444444444444444	0.5	0.8823529411764706	0.8947368421052632	0.4166666666666667	0.5294117647058824	0.29411764705882354	0.8333333333333334	0.5	0.18518518518518517	0.8823529411764706	1.0	0.36	0.47368421052631576	0.47368421052631576	0.7894736842105263	0.8947368421052632	1.0	0.8947368421052632	0.5	0.29411764705882354	0.23076923076923078	0.8823529411764706	0.5294117647058824	0.5294117647058824	0.8823529411764706	0.8333333333333334	0.8823529411764706	0.8333333333333334	0.0	0.0	0.0	0.0	0.0	0.0	0.0	0.0	0.0	0.0	0.0	0.0	0.0	0.0	0.0	0.0	0.0	0.0	0.0	0.0	0.0	0.0	0.0	0.0	0.0	0.0	0.0	0.0	0.0	0.0	0.0	0.0	0.0	0.0	0.0	0.0	0.0	0.0	0.0	0.0	0.0	0.0	0.0	0.0	0.0	0.0	0.0	0.0	0.0	0.0	0.0	0.0	0.0	0.0	0.0	0.0	0.0	0.0	0.0	
EPI_ISL_779548	0.0	0.0	0.0	0.23333333333333334	0.2413793103448276	0.0	0.0	0.75	0.8947368421052632	0.7894736842105263	0.4	0.7894736842105263	0.85	0.45	0.7894736842105263	0.8095238095238095	0.38461538461538464	0.47368421052631576	0.2631578947368421	0.75	0.45	0.1724137931034483	0.7894736842105263	0.8947368421052632	0.3333333333333333	0.5789473684210527	0.42857142857142855	0.7142857142857143	1.0	0.8947368421052632	1.0	0.45	0.2631578947368421	0.21428571428571427	0.7894736842105263	0.47368421052631576	0.47368421052631576	0.7894736842105263	0.75	0.7894736842105263	0.75	0.0	0.0	0.0	0.0	0.0	0.0	0.0	0.0	0.0	0.0	0.0	0.0	0.0	0.0	0.0	0.0	0.0	0.0	0.0	0.0	0.0	0.0	0.0	0.0	0.0	0.0	0.0	0.0	0.0	0.0	0.0	0.0	0.0	0.0	0.0	0.0	0.0	0.0	0.0	0.0	0.0	0.0	0.0	0.0	0.0	0.0	0.0	0.0	0.0	0.0	0.0	0.0	0.0	0.0	0.0	0.0	0.0	0.0	0.0	
EPI_ISL_563721	0.0	0.0	0.0	0.12	0.35	0.0	0.0	0.625	0.5	0.5625	0.5294117647058824	0.5625	0.47368421052631576	1.0	0.5625	0.45	0.5882352941176471	0.9	0.5	0.5294117647058824	0.8181818181818182	0.25	0.5625	0.5	0.5	0.75	0.75	0.5	0.45	0.5	0.45	1.0	0.5	0.25	0.5625	0.9	0.9	0.5625	0.5294117647058824	0.5625	0.5294117647058824	0.0	0.0	0.0	0.0	0.0	0.0	0.0	0.0	0.0	0.0	0.0	0.0	0.0	0.0	0.0	0.0	0.0	0.0	0.0	0.0	0.0	0.0	0.0	0.0	0.0	0.0	0.0	0.0	0.0	0.0	0.0	0.0	0.0	0.0	0.0	0.0	0.0	0.0	0.0	0.0	0.0	0.0	0.0	0.0	0.0	0.0	0.0	0.0	0.0	0.0	0.0	0.0	0.0	0.0	0.0	0.0	0.0	0.0	0.0	
EPI_ISL_562776	0.0	0.0	0.0	0.09523809523809523	0.2222222222222222	0.0	0.0	0.3125	0.29411764705882354	0.3333333333333333	0.3125	0.3333333333333333	0.2777777777777778	0.5	0.3333333333333333	0.2631578947368421	0.29411764705882354	0.5555555555555556	1.0	0.3125	0.5	0.3333333333333333	0.3333333333333333	0.29411764705882354	0.29411764705882354	0.45454545454545453	0.45454545454545453	0.29411764705882354	0.2631578947368421	0.29411764705882354	0.2631578947368421	0.5	1.0	0.3333333333333333	0.3333333333333333	0.5555555555555556	0.5555555555555556	0.3333333333333333	0.3125	0.3333333333333333	0.3125	0.0	0.0	0.0	0.0	0.0	0.0	0.0	0.0	0.0	0.0	0.0	0.0	0.0	0.0	0.0	0.0	0.0	0.0	0.0	0.0	0.0	0.0	0.0	0.0	0.0	0.0	0.0	0.0	0.0	0.0	0.0	0.0	0.0	0.0	0.0	0.0	0.0	0.0	0.0	0.0	0.0	0.0	0.0	0.0	0.0	0.0	0.0	0.0	0.0	0.0	0.0	0.0	0.0	0.0	0.0	0.0	0.0	0.0	0.0	
EPI_ISL_520511	0.0	0.0	0.0	0.1	0.14285714285714285	0.0	0.0	0.24	0.23076923076923078	0.25	0.19230769230769232	0.25	0.2222222222222222	0.25	0.25	0.21428571428571427	0.18518518518518517	0.2631578947368421	0.3333333333333333	0.24	0.25	0.2	0.25	0.23076923076923078	0.18518518518518517	0.23809523809523808	0.23809523809523808	0.23076923076923078	0.21428571428571427	0.23076923076923078	0.21428571428571427	0.25	0.3333333333333333	1.0	0.25	0.2631578947368421	0.2631578947368421	0.25	0.24	0.25	0.24	0.0	0.0	0.0	0.0	0.0	0.0	0.0	0.0	0.0	0.0	0.0	0.0	0.0	0.0	0.0	0.0	0.0	0.0	0.0	0.0	0.0	0.0	0.0	0.0	0.0	0.0	0.0	0.0	0.0	0.0	0.0	0.0	0.0	0.0	0.0	0.0	0.0	0.0	0.0	0.0	0.0	0.0	0.0	0.0	0.0	0.0	0.0	0.0	0.0	0.0	0.0	0.0	0.0	0.0	0.0	0.0	0.0	0.0	0.0	
EPI_ISL_518603	0.0	0.0	0.0	0.2692307692307692	0.28	0.0	0.0	0.9375	0.8823529411764706	1.0	0.47619047619047616	1.0	0.8333333333333334	0.5625	1.0	0.7894736842105263	0.45454545454545453	0.6	0.3333333333333333	0.9375	0.5625	0.2	1.0	0.8823529411764706	0.391304347826087	0.5294117647058824	0.5294117647058824	0.8823529411764706	0.7894736842105263	0.8823529411764706	0.7894736842105263	0.5625	0.3333333333333333	0.25	1.0	0.6	0.6	1.0	0.9375	1.0	0.9375	0.0	0.0	0.0	0.0	0.0	0.0	0.0	0.0	0.0	0.0	0.0	0.0	0.0	0.0	0.0	0.0	0.0	0.0	0.0	0.0	0.0	0.0	0.0	0.0	0.0	0.0	0.0	0.0	0.0	0.0	0.0	0.0	0.0	0.0	0.0	0.0	0.0	0.0	0.0	0.0	0.0	0.0	0.0	0.0	0.0	0.0	0.0	0.0	0.0	0.0	0.0	0.0	0.0	0.0	0.0	0.0	0.0	0.0	0.0	
EPI_ISL_593035	0.0	0.0	0.0	0.125	0.3684210526315789	0.0	0.0	0.5625	0.5294117647058824	0.6	0.5625	0.6	0.5	0.9	0.6	0.47368421052631576	0.5294117647058824	1.0	0.5555555555555556	0.5625	0.9	0.2631578947368421	0.6	0.5294117647058824	0.5294117647058824	0.8181818181818182	0.8181818181818182	0.5294117647058824	0.47368421052631576	0.5294117647058824	0.47368421052631576	0.9	0.5555555555555556	0.2631578947368421	0.6	1.0	1.0	0.6	0.5625	0.6	0.5625	0.0	0.0	0.0	0.0	0.0	0.0	0.0	0.0	0.0	0.0	0.0	0.0	0.0	0.0	0.0	0.0	0.0	0.0	0.0	0.0	0.0	0.0	0.0	0.0	0.0	0.0	0.0	0.0	0.0	0.0	0.0	0.0	0.0	0.0	0.0	0.0	0.0	0.0	0.0	0.0	0.0	0.0	0.0	0.0	0.0	0.0	0.0	0.0	0.0	0.0	0.0	0.0	0.0	0.0	0.0	0.0	0.0	0.0	0.0	
EPI_ISL_779601	0.0	0.0	0.0	0.125	0.3684210526315789	0.0	0.0	0.5625	0.5294117647058824	0.6	0.5625	0.6	0.5	0.9	0.6	0.47368421052631576	0.5294117647058824	1.0	0.5555555555555556	0.5625	0.9	0.2631578947368421	0.6	0.5294117647058824	0.5294117647058824	0.8181818181818182	0.8181818181818182	0.5294117647058824	0.47368421052631576	0.5294117647058824	0.47368421052631576	0.9	0.5555555555555556	0.2631578947368421	0.6	1.0	1.0	0.6	0.5625	0.6	0.5625	0.0	0.0	0.0	0.0	0.0	0.0	0.0	0.0	0.0	0.0	0.0	0.0	0.0	0.0	0.0	0.0	0.0	0.0	0.0	0.0	0.0	0.0	0.0	0.0	0.0	0.0	0.0	0.0	0.0	0.0	0.0	0.0	0.0	0.0	0.0	0.0	0.0	0.0	0.0	0.0	0.0	0.0	0.0	0.0	0.0	0.0	0.0	0.0	0.0	0.0	0.0	0.0	0.0	0.0	0.0	0.0	0.0	0.0	0.0	
EPI_ISL_519245	0.0	0.0	0.0	0.2692307692307692	0.28	0.0	0.0	0.9375	0.8823529411764706	1.0	0.47619047619047616	1.0	0.8333333333333334	0.5625	1.0	0.7894736842105263	0.45454545454545453	0.6	0.3333333333333333	0.9375	0.5625	0.2	1.0	0.8823529411764706	0.391304347826087	0.5294117647058824	0.5294117647058824	0.8823529411764706	0.7894736842105263	0.8823529411764706	0.7894736842105263	0.5625	0.3333333333333333	0.25	1.0	0.6	0.6	1.0	0.9375	1.0	0.9375	0.0	0.0	0.0	0.0	0.0	0.0	0.0	0.0	0.0	0.0	0.0	0.0	0.0	0.0	0.0	0.0	0.0	0.0	0.0	0.0	0.0	0.0	0.0	0.0	0.0	0.0	0.0	0.0	0.0	0.0	0.0	0.0	0.0	0.0	0.0	0.0	0.0	0.0	0.0	0.0	0.0	0.0	0.0	0.0	0.0	0.0	0.0	0.0	0.0	0.0	0.0	0.0	0.0	0.0	0.0	0.0	0.0	0.0	0.0	
EPI_ISL_592205	0.0	0.0	0.0	0.25925925925925924	0.2692307692307692	0.0	0.0	0.8823529411764706	0.8333333333333334	0.9375	0.5238095238095238	0.9375	0.7894736842105263	0.5294117647058824	0.9375	0.75	0.43478260869565216	0.5625	0.3125	1.0	0.625	0.19230769230769232	0.9375	0.8333333333333334	0.375	0.5	0.5	0.8333333333333334	0.75	0.8333333333333334	0.75	0.5294117647058824	0.3125	0.24	0.9375	0.5625	0.5625	0.9375	1.0	0.9375	1.0	0.0	0.0	0.0	0.0	0.0	0.0	0.0	0.0	0.0	0.0	0.0	0.0	0.0	0.0	0.0	0.0	0.0	0.0	0.0	0.0	0.0	0.0	0.0	0.0	0.0	0.0	0.0	0.0	0.0	0.0	0.0	0.0	0.0	0.0	0.0	0.0	0.0	0.0	0.0	0.0	0.0	0.0	0.0	0.0	0.0	0.0	0.0	0.0	0.0	0.0	0.0	0.0	0.0	0.0	0.0	0.0	0.0	0.0	0.0	
EPI_ISL_518968	0.0	0.0	0.0	0.2692307692307692	0.28	0.0	0.0	0.9375	0.8823529411764706	1.0	0.47619047619047616	1.0	0.8333333333333334	0.5625	1.0	0.7894736842105263	0.45454545454545453	0.6	0.3333333333333333	0.9375	0.5625	0.2	1.0	0.8823529411764706	0.391304347826087	0.5294117647058824	0.5294117647058824	0.8823529411764706	0.7894736842105263	0.8823529411764706	0.7894736842105263	0.5625	0.3333333333333333	0.25	1.0	0.6	0.6	1.0	0.9375	1.0	0.9375	0.0	0.0	0.0	0.0	0.0	0.0	0.0	0.0	0.0	0.0	0.0	0.0	0.0	0.0	0.0	0.0	0.0	0.0	0.0	0.0	0.0	0.0	0.0	0.0	0.0	0.0	0.0	0.0	0.0	0.0	0.0	0.0	0.0	0.0	0.0	0.0	0.0	0.0	0.0	0.0	0.0	0.0	0.0	0.0	0.0	0.0	0.0	0.0	0.0	0.0	0.0	0.0	0.0	0.0	0.0	0.0	0.0	0.0	0.0	
EPI_ISL_518911	0.0	0.0	0.0	0.25925925925925924	0.2692307692307692	0.0	0.0	0.8823529411764706	0.8333333333333334	0.9375	0.5238095238095238	0.9375	0.7894736842105263	0.5294117647058824	0.9375	0.75	0.43478260869565216	0.5625	0.3125	1.0	0.625	0.19230769230769232	0.9375	0.8333333333333334	0.375	0.5	0.5	0.8333333333333334	0.75	0.8333333333333334	0.75	0.5294117647058824	0.3125	0.24	0.9375	0.5625	0.5625	0.9375	1.0	0.9375	1.0	0.0	0.0	0.0	0.0	0.0	0.0	0.0	0.0	0.0	0.0	0.0	0.0	0.0	0.0	0.0	0.0	0.0	0.0	0.0	0.0	0.0	0.0	0.0	0.0	0.0	0.0	0.0	0.0	0.0	0.0	0.0	0.0	0.0	0.0	0.0	0.0	0.0	0.0	0.0	0.0	0.0	0.0	0.0	0.0	0.0	0.0	0.0	0.0	0.0	0.0	0.0	0.0	0.0	0.0	0.0	0.0	0.0	0.0	0.0	
EPI_ISL_519004	0.0	0.0	0.0	0.0	0.0	0.0	0.0	0.0	0.0	0.0	0.0	0.0	0.0	0.0	0.0	0.0	0.0	0.0	0.0	0.0	0.0	0.034482758620689655	0.0	0.0	0.0	0.0	0.0	0.0	0.0	0.0	0.0	0.0	0.0	0.0	0.0	0.0	0.0	0.0	0.0	0.0	0.0	1.0	0.3333333333333333	1.0	0.9375	0.5294117647058824	0.9375	0.034482758620689655	0.0	0.03333333333333333	0.0	0.03333333333333333	0.034482758620689655	0.034482758620689655	0.03225806451612903	0.03333333333333333	0.03333333333333333	0.0	0.0	0.03333333333333333	0.03333333333333333	0.03333333333333333	0.034482758620689655	0.030303030303030304	0.03225806451612903	0.03225806451612903	0.0	0.03333333333333333	0.03225806451612903	0.0	0.03225806451612903	0.0	0.0	0.0	0.034482758620689655	0.0	0.0	0.03225806451612903	0.0	0.0	0.0	0.0	0.0	0.0	0.0	0.0	0.0	0.0	0.0	0.0	0.0	0.0	0.0	0.0	0.0	0.0	0.0	0.0	0.0	0.0	
EPI_ISL_592064	0.0	0.0	0.0	0.0	0.0	0.0	0.0	0.0	0.0	0.0	0.0	0.0	0.0	0.0	0.0	0.0	0.0	0.0	0.0	0.0	0.0	0.0	0.0	0.0	0.0	0.0	0.0	0.0	0.0	0.0	0.0	0.0	0.0	0.0	0.0	0.0	0.0	0.0	0.0	0.0	0.0	0.3333333333333333	1.0	0.3333333333333333	0.3125	0.45454545454545453	0.3125	0.0	0.0	0.0	0.0	0.0	0.0	0.0	0.0	0.0	0.0	0.0	0.0	0.0	0.0	0.0	0.0	0.0	0.0	0.0	0.0	0.0	0.0	0.0	0.0	0.0	0.0	0.0	0.0	0.0	0.0	0.0	0.0	0.0	0.0	0.0	0.0	0.0	0.0	0.0	0.0	0.0	0.0	0.0	0.0	0.0	0.0	0.0	0.0	0.0	0.0	0.0	0.0	0.0	
EPI_ISL_520955	0.0	0.0	0.0	0.0	0.0	0.0	0.0	0.0	0.0	0.0	0.0	0.0	0.0	0.0	0.0	0.0	0.0	0.0	0.0	0.0	0.0	0.034482758620689655	0.0	0.0	0.0	0.0	0.0	0.0	0.0	0.0	0.0	0.0	0.0	0.0	0.0	0.0	0.0	0.0	0.0	0.0	0.0	1.0	0.3333333333333333	1.0	0.9375	0.5294117647058824	0.9375	0.034482758620689655	0.0	0.03333333333333333	0.0	0.03333333333333333	0.034482758620689655	0.034482758620689655	0.03225806451612903	0.03333333333333333	0.03333333333333333	0.0	0.0	0.03333333333333333	0.03333333333333333	0.03333333333333333	0.034482758620689655	0.030303030303030304	0.03225806451612903	0.03225806451612903	0.0	0.03333333333333333	0.03225806451612903	0.0	0.03225806451612903	0.0	0.0	0.0	0.034482758620689655	0.0	0.0	0.03225806451612903	0.0	0.0	0.0	0.0	0.0	0.0	0.0	0.0	0.0	0.0	0.0	0.0	0.0	0.0	0.0	0.0	0.0	0.0	0.0	0.0	0.0	0.0	
EPI_ISL_519247	0.0	0.0	0.0	0.0	0.0	0.0	0.0	0.0	0.0	0.0	0.0	0.0	0.0	0.0	0.0	0.0	0.0	0.0	0.0	0.0	0.0	0.03333333333333333	0.0	0.0	0.0	0.0	0.0	0.0	0.0	0.0	0.0	0.0	0.0	0.0	0.0	0.0	0.0	0.0	0.0	0.0	0.0	0.9375	0.3125	0.9375	1.0	0.5	0.8823529411764706	0.03333333333333333	0.0	0.03225806451612903	0.0	0.03225806451612903	0.03333333333333333	0.03333333333333333	0.03125	0.03225806451612903	0.03225806451612903	0.0	0.0	0.03225806451612903	0.03225806451612903	0.03225806451612903	0.03333333333333333	0.029411764705882353	0.03125	0.03125	0.0	0.03225806451612903	0.03125	0.0	0.03125	0.0	0.0	0.0	0.03333333333333333	0.0	0.0	0.03125	0.0	0.0	0.0	0.0	0.0	0.0	0.0	0.0	0.0	0.0	0.0	0.0	0.0	0.0	0.0	0.0	0.0	0.0	0.0	0.0	0.0	0.0	
EPI_ISL_592329	0.0	0.0	0.0	0.0	0.0	0.0	0.0	0.0	0.0	0.0	0.0	0.0	0.0	0.0	0.0	0.0	0.0	0.0	0.0	0.0	0.0	0.0	0.0	0.0	0.0	0.0	0.0	0.0	0.0	0.0	0.0	0.0	0.0	0.0	0.0	0.0	0.0	0.0	0.0	0.0	0.0	0.5294117647058824	0.45454545454545453	0.5294117647058824	0.5	1.0	0.5	0.0	0.0	0.0	0.0	0.0	0.0	0.0	0.0	0.0	0.0	0.0	0.0	0.0	0.0	0.0	0.0	0.0	0.0	0.0	0.0	0.0	0.0	0.0	0.0	0.0	0.0	0.0	0.0	0.0	0.0	0.0	0.0	0.0	0.0	0.0	0.0	0.0	0.0	0.0	0.0	0.0	0.0	0.0	0.0	0.0	0.0	0.0	0.0	0.0	0.0	0.0	0.0	0.0	
EPI_ISL_519418	0.0	0.0	0.0	0.0	0.0	0.0	0.0	0.0	0.0	0.0	0.0	0.0	0.0	0.0	0.0	0.0	0.0	0.0	0.0	0.0	0.0	0.03333333333333333	0.0	0.0	0.0	0.0	0.0	0.0	0.0	0.0	0.0	0.0	0.0	0.0	0.0	0.0	0.0	0.0	0.0	0.0	0.0	0.9375	0.3125	0.9375	0.8823529411764706	0.5	1.0	0.03333333333333333	0.0	0.03225806451612903	0.0	0.03225806451612903	0.03333333333333333	0.03333333333333333	0.03125	0.03225806451612903	0.03225806451612903	0.0	0.0	0.03225806451612903	0.03225806451612903	0.03225806451612903	0.03333333333333333	0.029411764705882353	0.03125	0.03125	0.0	0.03225806451612903	0.03125	0.0	0.03125	0.0	0.0	0.0	0.03333333333333333	0.0	0.0	0.03125	0.0	0.0	0.0	0.0	0.0	0.0	0.0	0.0	0.0	0.0	0.0	0.0	0.0	0.0	0.0	0.0	0.0	0.0	0.0	0.0	0.0	0.0	
EPI_ISL_518930	0.0	0.0	0.0	0.0	0.0	0.0	0.0	0.0	0.0	0.0	0.0	0.0	0.0	0.0	0.0	0.0	0.0	0.0	0.0	0.0	0.0	0.0	0.0	0.0	0.0	0.0	0.0	0.0	0.0	0.0	0.0	0.0	0.0	0.0	0.0	0.0	0.0	0.0	0.0	0.0	0.0	0.034482758620689655	0.0	0.034482758620689655	0.03333333333333333	0.0	0.03333333333333333	1.0	0.42857142857142855	0.9375	0.375	0.9375	1.0	1.0	0.8823529411764706	0.9375	0.9375	0.17857142857142858	0.5	0.9375	0.9375	0.9375	1.0	0.7894736842105263	0.8823529411764706	0.8823529411764706	0.6	0.9375	0.8823529411764706	0.47619047619047616	0.8823529411764706	0.5625	0.391304347826087	0.5	1.0	0.6	0.5	0.8823529411764706	0.0	0.0	0.0	0.0	0.0	0.0	0.0	0.0	0.0	0.0	0.0	0.0	0.0	0.0	0.0	0.0	0.0	0.0	0.0	0.0	0.0	0.0	
EPI_ISL_563917	0.0	0.0	0.0	0.0	0.18518518518518517	0.0	0.0	0.0	0.0	0.0	0.19230769230769232	0.0	0.0	0.0	0.0	0.0	0.03225806451612903	0.0	0.0	0.0	0.0	0.0	0.0	0.0	0.23076923076923078	0.0	0.0	0.0	0.0	0.0	0.0	0.0	0.0	0.0	0.0	0.0	0.0	0.0	0.0	0.0	0.0	0.0	0.0	0.0	0.0	0.0	0.0	0.42857142857142855	1.0	0.4090909090909091	0.375	0.4090909090909091	0.42857142857142855	0.42857142857142855	0.391304347826087	0.4090909090909091	0.4090909090909091	0.17857142857142858	0.5	0.4090909090909091	0.4090909090909091	0.4090909090909091	0.42857142857142855	0.36	0.391304347826087	0.391304347826087	0.6	0.4090909090909091	0.391304347826087	0.4090909090909091	0.391304347826087	0.5625	0.391304347826087	0.5	0.42857142857142855	0.6	0.5	0.391304347826087	0.03333333333333333	0.03125	0.03225806451612903	0.03333333333333333	0.03125	0.03225806451612903	0.03225806451612903	0.03225806451612903	0.03225806451612903	0.03333333333333333	0.03225806451612903	0.03333333333333333	0.034482758620689655	0.034482758620689655	0.03333333333333333	0.0	0.03333333333333333	0.03225806451612903	0.03333333333333333	0.034482758620689655	0.034482758620689655	0.03333333333333333	
EPI_ISL_663776	0.0	0.0	0.0	0.0	0.0	0.0	0.0	0.0	0.0	0.0	0.0	0.0	0.0	0.0	0.0	0.0	0.0	0.0	0.0	0.0	0.0	0.0	0.0	0.0	0.0	0.0	0.0	0.0	0.0	0.0	0.0	0.0	0.0	0.0	0.0	0.0	0.0	0.0	0.0	0.0	0.0	0.03333333333333333	0.0	0.03333333333333333	0.03225806451612903	0.0	0.03225806451612903	0.9375	0.4090909090909091	1.0	0.36	1.0	0.9375	0.9375	0.8333333333333334	0.8823529411764706	1.0	0.1724137931034483	0.5555555555555556	0.8823529411764706	0.8823529411764706	0.8823529411764706	0.9375	0.75	0.8333333333333334	0.8333333333333334	0.5625	0.8823529411764706	0.8333333333333334	0.5238095238095238	0.8333333333333334	0.625	0.375	0.47368421052631576	0.9375	0.5625	0.47619047619047616	0.8333333333333334	0.0	0.0	0.0	0.0	0.0	0.0	0.0	0.0	0.0	0.0	0.0	0.0	0.0	0.0	0.0	0.0	0.0	0.0	0.0	0.0	0.0	0.0	
EPI_ISL_563361	0.0	0.0	0.0	0.0	0.0	0.0	0.0	0.0	0.0	0.0	0.0	0.0	0.0	0.0	0.0	0.0	0.0	0.0	0.0	0.0	0.0	0.0	0.0	0.0	0.0	0.0	0.0	0.0	0.0	0.0	0.0	0.0	0.0	0.0	0.0	0.0	0.0	0.0	0.0	0.0	0.0	0.0	0.0	0.0	0.0	0.0	0.0	0.375	0.375	0.36	1.0	0.36	0.375	0.375	0.34615384615384615	0.36	0.36	0.16129032258064516	0.42857142857142855	0.36	0.36	0.36	0.375	0.32142857142857145	0.34615384615384615	0.34615384615384615	0.5	0.36	0.34615384615384615	0.36	0.34615384615384615	0.47368421052631576	0.34615384615384615	0.42857142857142855	0.375	0.5	0.375	0.34615384615384615	0.0	0.0	0.0	0.0	0.0	0.0	0.0	0.0	0.0	0.0	0.0	0.0	0.0	0.0	0.0	0.0	0.0	0.0	0.0	0.0	0.0	0.0	
EPI_ISL_640777	0.0	0.0	0.0	0.0	0.0	0.0	0.0	0.0	0.0	0.0	0.0	0.0	0.0	0.0	0.0	0.0	0.0	0.0	0.0	0.0	0.0	0.0	0.0	0.0	0.0	0.0	0.0	0.0	0.0	0.0	0.0	0.0	0.0	0.0	0.0	0.0	0.0	0.0	0.0	0.0	0.0	0.03333333333333333	0.0	0.03333333333333333	0.03225806451612903	0.0	0.03225806451612903	0.9375	0.4090909090909091	1.0	0.36	1.0	0.9375	0.9375	0.8333333333333334	0.8823529411764706	1.0	0.1724137931034483	0.5555555555555556	0.8823529411764706	0.8823529411764706	0.8823529411764706	0.9375	0.75	0.8333333333333334	0.8333333333333334	0.5625	0.8823529411764706	0.8333333333333334	0.5238095238095238	0.8333333333333334	0.625	0.375	0.47368421052631576	0.9375	0.5625	0.47619047619047616	0.8333333333333334	0.0	0.0	0.0	0.0	0.0	0.0	0.0	0.0	0.0	0.0	0.0	0.0	0.0	0.0	0.0	0.0	0.0	0.0	0.0	0.0	0.0	0.0	
EPI_ISL_519244	0.0	0.0	0.0	0.0	0.0	0.0	0.0	0.0	0.0	0.0	0.0	0.0	0.0	0.0	0.0	0.0	0.0	0.0	0.0	0.0	0.0	0.0	0.0	0.0	0.0	0.0	0.0	0.0	0.0	0.0	0.0	0.0	0.0	0.0	0.0	0.0	0.0	0.0	0.0	0.0	0.0	0.034482758620689655	0.0	0.034482758620689655	0.03333333333333333	0.0	0.03333333333333333	1.0	0.42857142857142855	0.9375	0.375	0.9375	1.0	1.0	0.8823529411764706	0.9375	0.9375	0.17857142857142858	0.5	0.9375	0.9375	0.9375	1.0	0.7894736842105263	0.8823529411764706	0.8823529411764706	0.6	0.9375	0.8823529411764706	0.47619047619047616	0.8823529411764706	0.5625	0.391304347826087	0.5	1.0	0.6	0.5	0.8823529411764706	0.0	0.0	0.0	0.0	0.0	0.0	0.0	0.0	0.0	0.0	0.0	0.0	0.0	0.0	0.0	0.0	0.0	0.0	0.0	0.0	0.0	0.0	
EPI_ISL_518967	0.0	0.0	0.0	0.0	0.0	0.0	0.0	0.0	0.0	0.0	0.0	0.0	0.0	0.0	0.0	0.0	0.0	0.0	0.0	0.0	0.0	0.0	0.0	0.0	0.0	0.0	0.0	0.0	0.0	0.0	0.0	0.0	0.0	0.0	0.0	0.0	0.0	0.0	0.0	0.0	0.0	0.034482758620689655	0.0	0.034482758620689655	0.03333333333333333	0.0	0.03333333333333333	1.0	0.42857142857142855	0.9375	0.375	0.9375	1.0	1.0	0.8823529411764706	0.9375	0.9375	0.17857142857142858	0.5	0.9375	0.9375	0.9375	1.0	0.7894736842105263	0.8823529411764706	0.8823529411764706	0.6	0.9375	0.8823529411764706	0.47619047619047616	0.8823529411764706	0.5625	0.391304347826087	0.5	1.0	0.6	0.5	0.8823529411764706	0.0	0.0	0.0	0.0	0.0	0.0	0.0	0.0	0.0	0.0	0.0	0.0	0.0	0.0	0.0	0.0	0.0	0.0	0.0	0.0	0.0	0.0	
EPI_ISL_592399	0.0	0.0	0.0	0.0	0.0	0.0	0.0	0.0	0.0	0.0	0.0	0.0	0.0	0.0	0.0	0.0	0.0	0.0	0.0	0.0	0.0	0.0	0.0	0.0	0.0	0.0	0.0	0.0	0.0	0.0	0.0	0.0	0.0	0.0	0.0	0.0	0.0	0.0	0.0	0.0	0.0	0.03225806451612903	0.0	0.03225806451612903	0.03125	0.0	0.03125	0.8823529411764706	0.391304347826087	0.8333333333333334	0.34615384615384615	0.8333333333333334	0.8823529411764706	0.8823529411764706	1.0	0.8333333333333334	0.8333333333333334	0.16666666666666666	0.45	0.8333333333333334	0.8333333333333334	0.8333333333333334	0.8823529411764706	0.7142857142857143	1.0	0.7894736842105263	0.5294117647058824	0.8333333333333334	0.7894736842105263	0.43478260869565216	1.0	0.5	0.36	0.45	0.8823529411764706	0.5294117647058824	0.45454545454545453	1.0	0.0	0.0	0.0	0.0	0.0	0.0	0.0	0.0	0.0	0.0	0.0	0.0	0.0	0.0	0.0	0.0	0.0	0.0	0.0	0.0	0.0	0.0	
EPI_ISL_519185	0.0	0.0	0.0	0.0	0.0	0.0	0.0	0.0	0.0	0.0	0.0	0.0	0.0	0.0	0.0	0.0	0.0	0.0	0.0	0.0	0.0	0.0	0.0	0.0	0.0	0.0	0.0	0.0	0.0	0.0	0.0	0.0	0.0	0.0	0.0	0.0	0.0	0.0	0.0	0.0	0.0	0.03333333333333333	0.0	0.03333333333333333	0.03225806451612903	0.0	0.03225806451612903	0.9375	0.4090909090909091	0.8823529411764706	0.36	0.8823529411764706	0.9375	0.9375	0.8333333333333334	1.0	0.8823529411764706	0.1724137931034483	0.47368421052631576	1.0	0.8823529411764706	1.0	0.9375	0.75	0.8333333333333334	0.8333333333333334	0.5625	1.0	0.8333333333333334	0.45454545454545453	0.8333333333333334	0.5294117647058824	0.375	0.47368421052631576	0.9375	0.5625	0.47619047619047616	0.8333333333333334	0.0	0.0	0.0	0.0	0.0	0.0	0.0	0.0	0.0	0.0	0.0	0.0	0.0	0.0	0.0	0.0	0.0	0.0	0.0	0.0	0.0	0.0	
EPI_ISL_663777	0.0	0.0	0.0	0.0	0.0	0.0	0.0	0.0	0.0	0.0	0.0	0.0	0.0	0.0	0.0	0.0	0.0	0.0	0.0	0.0	0.0	0.0	0.0	0.0	0.0	0.0	0.0	0.0	0.0	0.0	0.0	0.0	0.0	0.0	0.0	0.0	0.0	0.0	0.0	0.0	0.0	0.03333333333333333	0.0	0.03333333333333333	0.03225806451612903	0.0	0.03225806451612903	0.9375	0.4090909090909091	1.0	0.36	1.0	0.9375	0.9375	0.8333333333333334	0.8823529411764706	1.0	0.1724137931034483	0.5555555555555556	0.8823529411764706	0.8823529411764706	0.8823529411764706	0.9375	0.75	0.8333333333333334	0.8333333333333334	0.5625	0.8823529411764706	0.8333333333333334	0.5238095238095238	0.8333333333333334	0.625	0.375	0.47368421052631576	0.9375	0.5625	0.47619047619047616	0.8333333333333334	0.0	0.0	0.0	0.0	0.0	0.0	0.0	0.0	0.0	0.0	0.0	0.0	0.0	0.0	0.0	0.0	0.0	0.0	0.0	0.0	0.0	0.0	
EPI_ISL_640508	0.0	0.0	0.0	0.0	0.0	0.0	0.0	0.0	0.0	0.0	0.0	0.0	0.0	0.0	0.0	0.0	0.0	0.0	0.0	0.0	0.0	0.0	0.0	0.0	0.0	0.0	0.0	0.0	0.0	0.0	0.0	0.0	0.0	0.0	0.0	0.0	0.0	0.0	0.0	0.0	0.0	0.0	0.0	0.0	0.0	0.0	0.0	0.17857142857142858	0.17857142857142858	0.1724137931034483	0.16129032258064516	0.1724137931034483	0.17857142857142858	0.17857142857142858	0.16666666666666666	0.1724137931034483	0.1724137931034483	1.0	0.2	0.1724137931034483	0.1724137931034483	0.1724137931034483	0.17857142857142858	0.15625	0.16666666666666666	0.16666666666666666	0.22727272727272727	0.1724137931034483	0.16666666666666666	0.1724137931034483	0.16666666666666666	0.21739130434782608	0.16666666666666666	0.2	0.17857142857142858	0.22727272727272727	0.17857142857142858	0.16666666666666666	0.0	0.0	0.0	0.0	0.0	0.0	0.0	0.0	0.0	0.0	0.0	0.0	0.0	0.0	0.0	0.0	0.0	0.0	0.0	0.0	0.0	0.0	
EPI_ISL_592501	0.0	0.0	0.0	0.0	0.0	0.0	0.0	0.0	0.0	0.0	0.0	0.0	0.0	0.0	0.0	0.0	0.0	0.0	0.0	0.0	0.0	0.0	0.0	0.0	0.0	0.0	0.0	0.0	0.0	0.0	0.0	0.0	0.0	0.0	0.0	0.0	0.0	0.0	0.0	0.0	0.0	0.0	0.0	0.0	0.0	0.0	0.0	0.5	0.5	0.5555555555555556	0.42857142857142855	0.5555555555555556	0.5	0.5	0.45	0.47368421052631576	0.5555555555555556	0.2	1.0	0.47368421052631576	0.47368421052631576	0.47368421052631576	0.5	0.4090909090909091	0.45	0.45	0.75	0.47368421052631576	0.45	0.5555555555555556	0.45	0.8333333333333334	0.45	0.6	0.5	0.75	0.5	0.45	0.0	0.0	0.0	0.0	0.0	0.0	0.0	0.0	0.0	0.0	0.0	0.0	0.0	0.0	0.0	0.0	0.0	0.0	0.0	0.0	0.0	0.0	
EPI_ISL_518915	0.0	0.0	0.0	0.0	0.0	0.0	0.0	0.0	0.0	0.0	0.0	0.0	0.0	0.0	0.0	0.0	0.0	0.0	0.0	0.0	0.0	0.0	0.0	0.0	0.0	0.0	0.0	0.0	0.0	0.0	0.0	0.0	0.0	0.0	0.0	0.0	0.0	0.0	0.0	0.0	0.0	0.03333333333333333	0.0	0.03333333333333333	0.03225806451612903	0.0	0.03225806451612903	0.9375	0.4090909090909091	0.8823529411764706	0.36	0.8823529411764706	0.9375	0.9375	0.8333333333333334	1.0	0.8823529411764706	0.1724137931034483	0.47368421052631576	1.0	0.8823529411764706	1.0	0.9375	0.75	0.8333333333333334	0.8333333333333334	0.5625	1.0	0.8333333333333334	0.45454545454545453	0.8333333333333334	0.5294117647058824	0.375	0.47368421052631576	0.9375	0.5625	0.47619047619047616	0.8333333333333334	0.0	0.0	0.0	0.0	0.0	0.0	0.0	0.0	0.0	0.0	0.0	0.0	0.0	0.0	0.0	0.0	0.0	0.0	0.0	0.0	0.0	0.0	
EPI_ISL_519321	0.0	0.0	0.0	0.0	0.0	0.0	0.0	0.0	0.0	0.0	0.0	0.0	0.0	0.0	0.0	0.0	0.0	0.0	0.0	0.0	0.0	0.0	0.0	0.0	0.0	0.0	0.0	0.0	0.0	0.0	0.0	0.0	0.0	0.0	0.0	0.0	0.0	0.0	0.0	0.0	0.0	0.03333333333333333	0.0	0.03333333333333333	0.03225806451612903	0.0	0.03225806451612903	0.9375	0.4090909090909091	0.8823529411764706	0.36	0.8823529411764706	0.9375	0.9375	0.8333333333333334	0.8823529411764706	0.8823529411764706	0.1724137931034483	0.47368421052631576	0.8823529411764706	1.0	0.8823529411764706	0.9375	0.75	0.8333333333333334	0.8333333333333334	0.5625	0.8823529411764706	0.8333333333333334	0.45454545454545453	0.8333333333333334	0.5294117647058824	0.375	0.47368421052631576	0.9375	0.5625	0.47619047619047616	0.8333333333333334	0.0	0.0	0.0	0.0	0.0	0.0	0.0	0.0	0.0	0.0	0.0	0.0	0.0	0.0	0.0	0.0	0.0	0.0	0.0	0.0	0.0	0.0	
EPI_ISL_591853	0.0	0.0	0.0	0.0	0.0	0.0	0.0	0.0	0.0	0.0	0.0	0.0	0.0	0.0	0.0	0.0	0.0	0.0	0.0	0.0	0.0	0.0	0.0	0.0	0.0	0.0	0.0	0.0	0.0	0.0	0.0	0.0	0.0	0.0	0.0	0.0	0.0	0.0	0.0	0.0	0.0	0.03333333333333333	0.0	0.03333333333333333	0.03225806451612903	0.0	0.03225806451612903	0.9375	0.4090909090909091	0.8823529411764706	0.36	0.8823529411764706	0.9375	0.9375	0.8333333333333334	1.0	0.8823529411764706	0.1724137931034483	0.47368421052631576	1.0	0.8823529411764706	1.0	0.9375	0.75	0.8333333333333334	0.8333333333333334	0.5625	1.0	0.8333333333333334	0.45454545454545453	0.8333333333333334	0.5294117647058824	0.375	0.47368421052631576	0.9375	0.5625	0.47619047619047616	0.8333333333333334	0.0	0.0	0.0	0.0	0.0	0.0	0.0	0.0	0.0	0.0	0.0	0.0	0.0	0.0	0.0	0.0	0.0	0.0	0.0	0.0	0.0	0.0	
EPI_ISL_518508	0.0	0.0	0.0	0.0	0.0	0.0	0.0	0.0	0.0	0.0	0.0	0.0	0.0	0.0	0.0	0.0	0.0	0.0	0.0	0.0	0.0	0.0	0.0	0.0	0.0	0.0	0.0	0.0	0.0	0.0	0.0	0.0	0.0	0.0	0.0	0.0	0.0	0.0	0.0	0.0	0.0	0.034482758620689655	0.0	0.034482758620689655	0.03333333333333333	0.0	0.03333333333333333	1.0	0.42857142857142855	0.9375	0.375	0.9375	1.0	1.0	0.8823529411764706	0.9375	0.9375	0.17857142857142858	0.5	0.9375	0.9375	0.9375	1.0	0.7894736842105263	0.8823529411764706	0.8823529411764706	0.6	0.9375	0.8823529411764706	0.47619047619047616	0.8823529411764706	0.5625	0.391304347826087	0.5	1.0	0.6	0.5	0.8823529411764706	0.0	0.0	0.0	0.0	0.0	0.0	0.0	0.0	0.0	0.0	0.0	0.0	0.0	0.0	0.0	0.0	0.0	0.0	0.0	0.0	0.0	0.0	
EPI_ISL_518394	0.0	0.0	0.0	0.0	0.0	0.0	0.0	0.0	0.0	0.0	0.0	0.0	0.0	0.0	0.0	0.0	0.0	0.0	0.0	0.0	0.0	0.0	0.0	0.0	0.0	0.0	0.0	0.0	0.0	0.0	0.0	0.0	0.0	0.0	0.0	0.0	0.0	0.0	0.0	0.0	0.0	0.030303030303030304	0.0	0.030303030303030304	0.029411764705882353	0.0	0.029411764705882353	0.7894736842105263	0.36	0.75	0.32142857142857145	0.75	0.7894736842105263	0.7894736842105263	0.7142857142857143	0.75	0.75	0.15625	0.4090909090909091	0.75	0.75	0.75	0.7894736842105263	1.0	0.7142857142857143	0.8947368421052632	0.47368421052631576	0.75	0.7142857142857143	0.4	0.7142857142857143	0.45	0.3333333333333333	0.4090909090909091	0.7894736842105263	0.47368421052631576	0.4166666666666667	0.7142857142857143	0.0	0.0	0.0	0.0	0.0	0.0	0.0	0.0	0.0	0.0	0.0	0.0	0.0	0.0	0.0	0.0	0.0	0.0	0.0	0.0	0.0	0.0	
EPI_ISL_663883	0.0	0.0	0.0	0.0	0.0	0.0	0.0	0.0	0.0	0.0	0.0	0.0	0.0	0.0	0.0	0.0	0.0	0.0	0.0	0.0	0.0	0.0	0.0	0.0	0.0	0.0	0.0	0.0	0.0	0.0	0.0	0.0	0.0	0.0	0.0	0.0	0.0	0.0	0.0	0.0	0.0	0.03225806451612903	0.0	0.03225806451612903	0.03125	0.0	0.03125	0.8823529411764706	0.391304347826087	0.8333333333333334	0.34615384615384615	0.8333333333333334	0.8823529411764706	0.8823529411764706	1.0	0.8333333333333334	0.8333333333333334	0.16666666666666666	0.45	0.8333333333333334	0.8333333333333334	0.8333333333333334	0.8823529411764706	0.7142857142857143	1.0	0.7894736842105263	0.5294117647058824	0.8333333333333334	0.7894736842105263	0.43478260869565216	1.0	0.5	0.36	0.45	0.8823529411764706	0.5294117647058824	0.45454545454545453	1.0	0.0	0.0	0.0	0.0	0.0	0.0	0.0	0.0	0.0	0.0	0.0	0.0	0.0	0.0	0.0	0.0	0.0	0.0	0.0	0.0	0.0	0.0	
EPI_ISL_519816	0.0	0.0	0.0	0.0	0.0	0.0	0.0	0.0	0.0	0.0	0.0	0.0	0.0	0.0	0.0	0.0	0.0	0.0	0.0	0.0	0.0	0.0	0.0	0.0	0.0	0.0	0.0	0.0	0.0	0.0	0.0	0.0	0.0	0.0	0.0	0.0	0.0	0.0	0.0	0.0	0.0	0.03225806451612903	0.0	0.03225806451612903	0.03125	0.0	0.03125	0.8823529411764706	0.391304347826087	0.8333333333333334	0.34615384615384615	0.8333333333333334	0.8823529411764706	0.8823529411764706	0.7894736842105263	0.8333333333333334	0.8333333333333334	0.16666666666666666	0.45	0.8333333333333334	0.8333333333333334	0.8333333333333334	0.8823529411764706	0.8947368421052632	0.7894736842105263	1.0	0.5294117647058824	0.8333333333333334	0.7894736842105263	0.43478260869565216	0.7894736842105263	0.5	0.36	0.45	0.8823529411764706	0.5294117647058824	0.45454545454545453	0.7894736842105263	0.0	0.0	0.0	0.0	0.0	0.0	0.0	0.0	0.0	0.0	0.0	0.0	0.0	0.0	0.0	0.0	0.0	0.0	0.0	0.0	0.0	0.0	
EPI_ISL_663553	0.0	0.0	0.0	0.0	0.0	0.0	0.0	0.0	0.0	0.0	0.0	0.0	0.0	0.0	0.0	0.0	0.0	0.0	0.0	0.0	0.0	0.0	0.0	0.0	0.0	0.0	0.0	0.0	0.0	0.0	0.0	0.0	0.0	0.0	0.0	0.0	0.0	0.0	0.0	0.0	0.0	0.0	0.0	0.0	0.0	0.0	0.0	0.6	0.6	0.5625	0.5	0.5625	0.6	0.6	0.5294117647058824	0.5625	0.5625	0.22727272727272727	0.75	0.5625	0.5625	0.5625	0.6	0.47368421052631576	0.5294117647058824	0.5294117647058824	1.0	0.5625	0.5294117647058824	0.5625	0.5294117647058824	0.9	0.5294117647058824	0.75	0.6	1.0	0.6	0.5294117647058824	0.0	0.0	0.0	0.0	0.0	0.0	0.0	0.0	0.0	0.0	0.0	0.0	0.0	0.0	0.0	0.0	0.0	0.0	0.0	0.0	0.0	0.0	
EPI_ISL_519243	0.0	0.0	0.0	0.0	0.0	0.0	0.0	0.0	0.0	0.0	0.0	0.0	0.0	0.0	0.0	0.0	0.0	0.0	0.0	0.0	0.0	0.0	0.0	0.0	0.0	0.0	0.0	0.0	0.0	0.0	0.0	0.0	0.0	0.0	0.0	0.0	0.0	0.0	0.0	0.0	0.0	0.03333333333333333	0.0	0.03333333333333333	0.03225806451612903	0.0	0.03225806451612903	0.9375	0.4090909090909091	0.8823529411764706	0.36	0.8823529411764706	0.9375	0.9375	0.8333333333333334	1.0	0.8823529411764706	0.1724137931034483	0.47368421052631576	1.0	0.8823529411764706	1.0	0.9375	0.75	0.8333333333333334	0.8333333333333334	0.5625	1.0	0.8333333333333334	0.45454545454545453	0.8333333333333334	0.5294117647058824	0.375	0.47368421052631576	0.9375	0.5625	0.47619047619047616	0.8333333333333334	0.0	0.0	0.0	0.0	0.0	0.0	0.0	0.0	0.0	0.0	0.0	0.0	0.0	0.0	0.0	0.0	0.0	0.0	0.0	0.0	0.0	0.0	
EPI_ISL_563202	0.0	0.0	0.0	0.0	0.0	0.0	0.0	0.0	0.0	0.0	0.0	0.0	0.0	0.0	0.0	0.0	0.0	0.0	0.0	0.0	0.0	0.0	0.0	0.0	0.0	0.0	0.0	0.0	0.0	0.0	0.0	0.0	0.0	0.0	0.0	0.0	0.0	0.0	0.0	0.0	0.0	0.03225806451612903	0.0	0.03225806451612903	0.03125	0.0	0.03125	0.8823529411764706	0.391304347826087	0.8333333333333334	0.34615384615384615	0.8333333333333334	0.8823529411764706	0.8823529411764706	0.7894736842105263	0.8333333333333334	0.8333333333333334	0.16666666666666666	0.45	0.8333333333333334	0.8333333333333334	0.8333333333333334	0.8823529411764706	0.7142857142857143	0.7894736842105263	0.7894736842105263	0.5294117647058824	0.8333333333333334	1.0	0.43478260869565216	0.7894736842105263	0.5	0.36	0.45	0.8823529411764706	0.5294117647058824	0.45454545454545453	0.7894736842105263	0.0	0.0	0.0	0.0	0.0	0.0	0.0	0.0	0.0	0.0	0.0	0.0	0.0	0.0	0.0	0.0	0.0	0.0	0.0	0.0	0.0	0.0	
EPI_ISL_562996	0.0	0.0	0.0	0.0	0.03125	0.0	0.0	0.0	0.0	0.0	0.0	0.0	0.0	0.0	0.0	0.0	0.03125	0.0	0.0	0.0	0.0	0.0	0.0	0.0	0.0	0.0	0.0	0.0	0.0	0.0	0.0	0.0	0.0	0.0	0.0	0.0	0.0	0.0	0.0	0.0	0.0	0.0	0.0	0.0	0.0	0.0	0.0	0.47619047619047616	0.4090909090909091	0.5238095238095238	0.36	0.5238095238095238	0.47619047619047616	0.47619047619047616	0.43478260869565216	0.45454545454545453	0.5238095238095238	0.1724137931034483	0.5555555555555556	0.45454545454545453	0.45454545454545453	0.45454545454545453	0.47619047619047616	0.4	0.43478260869565216	0.43478260869565216	0.5625	0.45454545454545453	0.43478260869565216	1.0	0.43478260869565216	0.625	0.43478260869565216	0.47368421052631576	0.47619047619047616	0.5625	0.47619047619047616	0.43478260869565216	0.03225806451612903	0.030303030303030304	0.03125	0.0	0.0	0.03125	0.03125	0.03125	0.03125	0.03225806451612903	0.03125	0.03225806451612903	0.03333333333333333	0.03333333333333333	0.03225806451612903	0.0	0.0	0.0	0.0	0.0	0.0	0.0	
EPI_ISL_663808	0.0	0.0	0.0	0.0	0.0	0.0	0.0	0.0	0.0	0.0	0.0	0.0	0.0	0.0	0.0	0.0	0.0	0.0	0.0	0.0	0.0	0.0	0.0	0.0	0.0	0.0	0.0	0.0	0.0	0.0	0.0	0.0	0.0	0.0	0.0	0.0	0.0	0.0	0.0	0.0	0.0	0.03225806451612903	0.0	0.03225806451612903	0.03125	0.0	0.03125	0.8823529411764706	0.391304347826087	0.8333333333333334	0.34615384615384615	0.8333333333333334	0.8823529411764706	0.8823529411764706	1.0	0.8333333333333334	0.8333333333333334	0.16666666666666666	0.45	0.8333333333333334	0.8333333333333334	0.8333333333333334	0.8823529411764706	0.7142857142857143	1.0	0.7894736842105263	0.5294117647058824	0.8333333333333334	0.7894736842105263	0.43478260869565216	1.0	0.5	0.36	0.45	0.8823529411764706	0.5294117647058824	0.45454545454545453	1.0	0.0	0.0	0.0	0.0	0.0	0.0	0.0	0.0	0.0	0.0	0.0	0.0	0.0	0.0	0.0	0.0	0.0	0.0	0.0	0.0	0.0	0.0	
EPI_ISL_640854	0.0	0.0	0.0	0.0	0.0	0.0	0.0	0.0	0.0	0.0	0.0	0.0	0.0	0.0	0.0	0.0	0.0	0.0	0.0	0.0	0.0	0.0	0.0	0.0	0.0	0.0	0.0	0.0	0.0	0.0	0.0	0.0	0.0	0.0	0.0	0.0	0.0	0.0	0.0	0.0	0.0	0.0	0.0	0.0	0.0	0.0	0.0	0.5625	0.5625	0.625	0.47368421052631576	0.625	0.5625	0.5625	0.5	0.5294117647058824	0.625	0.21739130434782608	0.8333333333333334	0.5294117647058824	0.5294117647058824	0.5294117647058824	0.5625	0.45	0.5	0.5	0.9	0.5294117647058824	0.5	0.625	0.5	1.0	0.5	0.6923076923076923	0.5625	0.9	0.5625	0.5	0.0	0.0	0.0	0.0	0.0	0.0	0.0	0.0	0.0	0.0	0.0	0.0	0.0	0.0	0.0	0.0	0.0	0.0	0.0	0.0	0.0	0.0	
EPI_ISL_663938	0.0	0.0	0.0	0.0	0.030303030303030304	0.0	0.0	0.0	0.0	0.0	0.0	0.0	0.0	0.0	0.0	0.0	0.0	0.0	0.0	0.0	0.0	0.0	0.0	0.0	0.0	0.0	0.0	0.0	0.0	0.0	0.0	0.0	0.0	0.0	0.0	0.0	0.0	0.0	0.0	0.0	0.0	0.0	0.0	0.0	0.0	0.0	0.0	0.391304347826087	0.391304347826087	0.375	0.34615384615384615	0.375	0.391304347826087	0.391304347826087	0.36	0.375	0.375	0.16666666666666666	0.45	0.375	0.375	0.375	0.391304347826087	0.3333333333333333	0.36	0.36	0.5294117647058824	0.375	0.36	0.43478260869565216	0.36	0.5	1.0	0.45	0.391304347826087	0.5294117647058824	0.391304347826087	0.36	0.0	0.0	0.0	0.03125	0.029411764705882353	0.0	0.0	0.0	0.0	0.0	0.0	0.0	0.0	0.0	0.0	0.0	0.03125	0.030303030303030304	0.03125	0.03225806451612903	0.03225806451612903	0.03125	
EPI_ISL_640583	0.0	0.0	0.0	0.0	0.0	0.0	0.0	0.0	0.0	0.0	0.0	0.0	0.0	0.0	0.0	0.0	0.0	0.0	0.0	0.0	0.0	0.0	0.0	0.0	0.0	0.0	0.0	0.0	0.0	0.0	0.0	0.0	0.0	0.0	0.0	0.0	0.0	0.0	0.0	0.0	0.0	0.0	0.0	0.0	0.0	0.0	0.0	0.5	0.5	0.47368421052631576	0.42857142857142855	0.47368421052631576	0.5	0.5	0.45	0.47368421052631576	0.47368421052631576	0.2	0.6	0.47368421052631576	0.47368421052631576	0.47368421052631576	0.5	0.4090909090909091	0.45	0.45	0.75	0.47368421052631576	0.45	0.47368421052631576	0.45	0.6923076923076923	0.45	1.0	0.5	0.75	0.5	0.45	0.0	0.0	0.0	0.0	0.0	0.0	0.0	0.0	0.0	0.0	0.0	0.0	0.0	0.0	0.0	0.0	0.0	0.0	0.0	0.0	0.0	0.0	
EPI_ISL_593356	0.0	0.0	0.0	0.0	0.0	0.0	0.0	0.0	0.0	0.0	0.0	0.0	0.0	0.0	0.0	0.0	0.0	0.0	0.0	0.0	0.0	0.0	0.0	0.0	0.0	0.0	0.0	0.0	0.0	0.0	0.0	0.0	0.0	0.0	0.0	0.0	0.0	0.0	0.0	0.0	0.0	0.034482758620689655	0.0	0.034482758620689655	0.03333333333333333	0.0	0.03333333333333333	1.0	0.42857142857142855	0.9375	0.375	0.9375	1.0	1.0	0.8823529411764706	0.9375	0.9375	0.17857142857142858	0.5	0.9375	0.9375	0.9375	1.0	0.7894736842105263	0.8823529411764706	0.8823529411764706	0.6	0.9375	0.8823529411764706	0.47619047619047616	0.8823529411764706	0.5625	0.391304347826087	0.5	1.0	0.6	0.5	0.8823529411764706	0.0	0.0	0.0	0.0	0.0	0.0	0.0	0.0	0.0	0.0	0.0	0.0	0.0	0.0	0.0	0.0	0.0	0.0	0.0	0.0	0.0	0.0	
EPI_ISL_518431	0.0	0.0	0.0	0.0	0.0	0.0	0.0	0.0	0.0	0.0	0.0	0.0	0.0	0.0	0.0	0.0	0.0	0.0	0.0	0.0	0.0	0.0	0.0	0.0	0.0	0.0	0.0	0.0	0.0	0.0	0.0	0.0	0.0	0.0	0.0	0.0	0.0	0.0	0.0	0.0	0.0	0.0	0.0	0.0	0.0	0.0	0.0	0.6	0.6	0.5625	0.5	0.5625	0.6	0.6	0.5294117647058824	0.5625	0.5625	0.22727272727272727	0.75	0.5625	0.5625	0.5625	0.6	0.47368421052631576	0.5294117647058824	0.5294117647058824	1.0	0.5625	0.5294117647058824	0.5625	0.5294117647058824	0.9	0.5294117647058824	0.75	0.6	1.0	0.6	0.5294117647058824	0.0	0.0	0.0	0.0	0.0	0.0	0.0	0.0	0.0	0.0	0.0	0.0	0.0	0.0	0.0	0.0	0.0	0.0	0.0	0.0	0.0	0.0	
EPI_ISL_592430	0.0	0.0	0.0	0.0	0.03225806451612903	0.0	0.0	0.0	0.0	0.0	0.03333333333333333	0.0	0.0	0.0	0.0	0.0	0.18518518518518517	0.0	0.0	0.0	0.0	0.0	0.0	0.0	0.03225806451612903	0.0	0.0	0.0	0.0	0.0	0.0	0.0	0.0	0.0	0.0	0.0	0.0	0.0	0.0	0.0	0.0	0.0	0.0	0.0	0.0	0.0	0.0	0.5	0.5	0.47619047619047616	0.375	0.47619047619047616	0.5	0.5	0.45454545454545453	0.47619047619047616	0.47619047619047616	0.17857142857142858	0.5	0.47619047619047616	0.47619047619047616	0.47619047619047616	0.5	0.4166666666666667	0.45454545454545453	0.45454545454545453	0.6	0.47619047619047616	0.45454545454545453	0.47619047619047616	0.45454545454545453	0.5625	0.391304347826087	0.5	0.5	0.6	1.0	0.45454545454545453	0.19230769230769232	0.17857142857142858	0.18518518518518517	0.0	0.0	0.18518518518518517	0.18518518518518517	0.18518518518518517	0.18518518518518517	0.19230769230769232	0.18518518518518517	0.19230769230769232	0.2	0.2	0.19230769230769232	0.0	0.0	0.0	0.0	0.0	0.0	0.0	
EPI_ISL_641149	0.0	0.0	0.0	0.0	0.0	0.0	0.0	0.0	0.0	0.0	0.0	0.0	0.0	0.0	0.0	0.0	0.0	0.0	0.0	0.0	0.0	0.0	0.0	0.0	0.0	0.0	0.0	0.0	0.0	0.0	0.0	0.0	0.0	0.0	0.0	0.0	0.0	0.0	0.0	0.0	0.0	0.03225806451612903	0.0	0.03225806451612903	0.03125	0.0	0.03125	0.8823529411764706	0.391304347826087	0.8333333333333334	0.34615384615384615	0.8333333333333334	0.8823529411764706	0.8823529411764706	1.0	0.8333333333333334	0.8333333333333334	0.16666666666666666	0.45	0.8333333333333334	0.8333333333333334	0.8333333333333334	0.8823529411764706	0.7142857142857143	1.0	0.7894736842105263	0.5294117647058824	0.8333333333333334	0.7894736842105263	0.43478260869565216	1.0	0.5	0.36	0.45	0.8823529411764706	0.5294117647058824	0.45454545454545453	1.0	0.0	0.0	0.0	0.0	0.0	0.0	0.0	0.0	0.0	0.0	0.0	0.0	0.0	0.0	0.0	0.0	0.0	0.0	0.0	0.0	0.0	0.0	
EPI_ISL_520970	0.0	0.0	0.0	0.0	0.03125	0.0	0.0	0.0	0.0	0.0	0.03225806451612903	0.0	0.0	0.0	0.0	0.0	0.17857142857142858	0.0	0.0	0.0	0.0	0.0	0.0	0.0	0.03125	0.0	0.0	0.0	0.0	0.0	0.0	0.0	0.0	0.0	0.0	0.0	0.0	0.0	0.0	0.0	0.0	0.0	0.0	0.0	0.0	0.0	0.0	0.0	0.03333333333333333	0.0	0.0	0.0	0.0	0.0	0.0	0.0	0.0	0.0	0.0	0.0	0.0	0.0	0.0	0.0	0.0	0.0	0.0	0.0	0.0	0.03225806451612903	0.0	0.0	0.0	0.0	0.0	0.0	0.19230769230769232	0.0	1.0	0.7894736842105263	0.8333333333333334	0.391304347826087	0.4166666666666667	0.8333333333333334	0.8333333333333334	0.8333333333333334	0.8333333333333334	0.8823529411764706	0.8333333333333334	0.8823529411764706	0.9375	0.9375	0.8823529411764706	0.0	0.0	0.0	0.0	0.0	0.0	0.0	
EPI_ISL_563119	0.0	0.0	0.0	0.0	0.029411764705882353	0.0	0.0	0.0	0.0	0.0	0.030303030303030304	0.0	0.0	0.0	0.0	0.0	0.16666666666666666	0.0	0.0	0.0	0.0	0.0	0.0	0.0	0.029411764705882353	0.0	0.0	0.0	0.0	0.0	0.0	0.0	0.0	0.0	0.0	0.0	0.0	0.0	0.0	0.0	0.0	0.0	0.0	0.0	0.0	0.0	0.0	0.0	0.03125	0.0	0.0	0.0	0.0	0.0	0.0	0.0	0.0	0.0	0.0	0.0	0.0	0.0	0.0	0.0	0.0	0.0	0.0	0.0	0.0	0.030303030303030304	0.0	0.0	0.0	0.0	0.0	0.0	0.17857142857142858	0.0	0.7894736842105263	1.0	0.75	0.4166666666666667	0.38461538461538464	0.8421052631578947	0.75	0.75	0.8421052631578947	0.7894736842105263	0.75	0.8888888888888888	0.8333333333333334	0.8333333333333334	0.8888888888888888	0.0	0.0	0.0	0.0	0.0	0.0	0.0	
EPI_ISL_591854	0.0	0.0	0.0	0.0	0.030303030303030304	0.0	0.0	0.0	0.0	0.0	0.03125	0.0	0.0	0.0	0.0	0.0	0.1724137931034483	0.0	0.0	0.0	0.0	0.0	0.0	0.0	0.030303030303030304	0.0	0.0	0.0	0.0	0.0	0.0	0.0	0.0	0.0	0.0	0.0	0.0	0.0	0.0	0.0	0.0	0.0	0.0	0.0	0.0	0.0	0.0	0.0	0.03225806451612903	0.0	0.0	0.0	0.0	0.0	0.0	0.0	0.0	0.0	0.0	0.0	0.0	0.0	0.0	0.0	0.0	0.0	0.0	0.0	0.0	0.03125	0.0	0.0	0.0	0.0	0.0	0.0	0.18518518518518517	0.0	0.8333333333333334	0.75	1.0	0.375	0.4	0.7894736842105263	1.0	1.0	0.7894736842105263	0.8333333333333334	1.0	0.8333333333333334	0.8823529411764706	0.8823529411764706	0.8333333333333334	0.0	0.0	0.0	0.0	0.0	0.0	0.0	
EPI_ISL_663594	0.0	0.0	0.0	0.0	0.03125	0.0	0.0	0.0	0.0	0.0	0.03225806451612903	0.0	0.0	0.0	0.0	0.0	0.0	0.0	0.0	0.0	0.0	0.0	0.0	0.0	0.03125	0.0	0.0	0.0	0.0	0.0	0.0	0.0	0.0	0.0	0.0	0.0	0.0	0.0	0.0	0.0	0.0	0.0	0.0	0.0	0.0	0.0	0.0	0.0	0.03333333333333333	0.0	0.0	0.0	0.0	0.0	0.0	0.0	0.0	0.0	0.0	0.0	0.0	0.0	0.0	0.0	0.0	0.0	0.0	0.0	0.0	0.0	0.0	0.0	0.03125	0.0	0.0	0.0	0.0	0.0	0.391304347826087	0.4166666666666667	0.375	1.0	0.7	0.43478260869565216	0.375	0.375	0.43478260869565216	0.391304347826087	0.375	0.45454545454545453	0.4090909090909091	0.4090909090909091	0.45454545454545453	0.0	0.23076923076923078	0.2222222222222222	0.23076923076923078	0.24	0.24	0.23076923076923078	
EPI_ISL_592285	0.0	0.0	0.0	0.0	0.029411764705882353	0.0	0.0	0.0	0.0	0.0	0.030303030303030304	0.0	0.0	0.0	0.0	0.0	0.0	0.0	0.0	0.0	0.0	0.0	0.0	0.0	0.029411764705882353	0.0	0.0	0.0	0.0	0.0	0.0	0.0	0.0	0.0	0.0	0.0	0.0	0.0	0.0	0.0	0.0	0.0	0.0	0.0	0.0	0.0	0.0	0.0	0.03125	0.0	0.0	0.0	0.0	0.0	0.0	0.0	0.0	0.0	0.0	0.0	0.0	0.0	0.0	0.0	0.0	0.0	0.0	0.0	0.0	0.0	0.0	0.0	0.029411764705882353	0.0	0.0	0.0	0.0	0.0	0.4166666666666667	0.38461538461538464	0.4	0.7	1.0	0.4	0.4	0.4	0.4	0.4166666666666667	0.4	0.4166666666666667	0.43478260869565216	0.43478260869565216	0.4166666666666667	0.0	0.1724137931034483	0.16666666666666666	0.1724137931034483	0.17857142857142858	0.17857142857142858	0.1724137931034483	
EPI_ISL_562858	0.0	0.0	0.0	0.0	0.030303030303030304	0.0	0.0	0.0	0.0	0.0	0.03125	0.0	0.0	0.0	0.0	0.0	0.1724137931034483	0.0	0.0	0.0	0.0	0.0	0.0	0.0	0.030303030303030304	0.0	0.0	0.0	0.0	0.0	0.0	0.0	0.0	0.0	0.0	0.0	0.0	0.0	0.0	0.0	0.0	0.0	0.0	0.0	0.0	0.0	0.0	0.0	0.03225806451612903	0.0	0.0	0.0	0.0	0.0	0.0	0.0	0.0	0.0	0.0	0.0	0.0	0.0	0.0	0.0	0.0	0.0	0.0	0.0	0.0	0.03125	0.0	0.0	0.0	0.0	0.0	0.0	0.18518518518518517	0.0	0.8333333333333334	0.8421052631578947	0.7894736842105263	0.43478260869565216	0.4	1.0	0.7894736842105263	0.7894736842105263	0.8888888888888888	0.8333333333333334	0.7894736842105263	0.9411764705882353	0.8823529411764706	0.8823529411764706	0.9411764705882353	0.0	0.0	0.0	0.0	0.0	0.0	0.0	
EPI_ISL_663801	0.0	0.0	0.0	0.0	0.030303030303030304	0.0	0.0	0.0	0.0	0.0	0.03125	0.0	0.0	0.0	0.0	0.0	0.1724137931034483	0.0	0.0	0.0	0.0	0.0	0.0	0.0	0.030303030303030304	0.0	0.0	0.0	0.0	0.0	0.0	0.0	0.0	0.0	0.0	0.0	0.0	0.0	0.0	0.0	0.0	0.0	0.0	0.0	0.0	0.0	0.0	0.0	0.03225806451612903	0.0	0.0	0.0	0.0	0.0	0.0	0.0	0.0	0.0	0.0	0.0	0.0	0.0	0.0	0.0	0.0	0.0	0.0	0.0	0.0	0.03125	0.0	0.0	0.0	0.0	0.0	0.0	0.18518518518518517	0.0	0.8333333333333334	0.75	1.0	0.375	0.4	0.7894736842105263	1.0	1.0	0.7894736842105263	0.8333333333333334	1.0	0.8333333333333334	0.8823529411764706	0.8823529411764706	0.8333333333333334	0.0	0.0	0.0	0.0	0.0	0.0	0.0	
EPI_ISL_563222	0.0	0.0	0.0	0.0	0.030303030303030304	0.0	0.0	0.0	0.0	0.0	0.03125	0.0	0.0	0.0	0.0	0.0	0.1724137931034483	0.0	0.0	0.0	0.0	0.0	0.0	0.0	0.030303030303030304	0.0	0.0	0.0	0.0	0.0	0.0	0.0	0.0	0.0	0.0	0.0	0.0	0.0	0.0	0.0	0.0	0.0	0.0	0.0	0.0	0.0	0.0	0.0	0.03225806451612903	0.0	0.0	0.0	0.0	0.0	0.0	0.0	0.0	0.0	0.0	0.0	0.0	0.0	0.0	0.0	0.0	0.0	0.0	0.0	0.0	0.03125	0.0	0.0	0.0	0.0	0.0	0.0	0.18518518518518517	0.0	0.8333333333333334	0.75	1.0	0.375	0.4	0.7894736842105263	1.0	1.0	0.7894736842105263	0.8333333333333334	1.0	0.8333333333333334	0.8823529411764706	0.8823529411764706	0.8333333333333334	0.0	0.0	0.0	0.0	0.0	0.0	0.0	
EPI_ISL_562766	0.0	0.0	0.0	0.0	0.030303030303030304	0.0	0.0	0.0	0.0	0.0	0.03125	0.0	0.0	0.0	0.0	0.0	0.1724137931034483	0.0	0.0	0.0	0.0	0.0	0.0	0.0	0.030303030303030304	0.0	0.0	0.0	0.0	0.0	0.0	0.0	0.0	0.0	0.0	0.0	0.0	0.0	0.0	0.0	0.0	0.0	0.0	0.0	0.0	0.0	0.0	0.0	0.03225806451612903	0.0	0.0	0.0	0.0	0.0	0.0	0.0	0.0	0.0	0.0	0.0	0.0	0.0	0.0	0.0	0.0	0.0	0.0	0.0	0.0	0.03125	0.0	0.0	0.0	0.0	0.0	0.0	0.18518518518518517	0.0	0.8333333333333334	0.8421052631578947	0.7894736842105263	0.43478260869565216	0.4	0.8888888888888888	0.7894736842105263	0.7894736842105263	1.0	0.8333333333333334	0.7894736842105263	0.9411764705882353	0.8823529411764706	0.8823529411764706	0.9411764705882353	0.0	0.0	0.0	0.0	0.0	0.0	0.0	
EPI_ISL_640867	0.0	0.0	0.0	0.0	0.03125	0.0	0.0	0.0	0.0	0.0	0.03225806451612903	0.0	0.0	0.0	0.0	0.0	0.17857142857142858	0.0	0.0	0.0	0.0	0.0	0.0	0.0	0.03125	0.0	0.0	0.0	0.0	0.0	0.0	0.0	0.0	0.0	0.0	0.0	0.0	0.0	0.0	0.0	0.0	0.0	0.0	0.0	0.0	0.0	0.0	0.0	0.03333333333333333	0.0	0.0	0.0	0.0	0.0	0.0	0.0	0.0	0.0	0.0	0.0	0.0	0.0	0.0	0.0	0.0	0.0	0.0	0.0	0.0	0.03225806451612903	0.0	0.0	0.0	0.0	0.0	0.0	0.19230769230769232	0.0	0.8823529411764706	0.7894736842105263	0.8333333333333334	0.391304347826087	0.4166666666666667	0.8333333333333334	0.8333333333333334	0.8333333333333334	0.8333333333333334	1.0	0.8333333333333334	0.8823529411764706	0.9375	0.9375	0.8823529411764706	0.0	0.0	0.0	0.0	0.0	0.0	0.0	
EPI_ISL_563853	0.0	0.0	0.0	0.0	0.030303030303030304	0.0	0.0	0.0	0.0	0.0	0.03125	0.0	0.0	0.0	0.0	0.0	0.1724137931034483	0.0	0.0	0.0	0.0	0.0	0.0	0.0	0.030303030303030304	0.0	0.0	0.0	0.0	0.0	0.0	0.0	0.0	0.0	0.0	0.0	0.0	0.0	0.0	0.0	0.0	0.0	0.0	0.0	0.0	0.0	0.0	0.0	0.03225806451612903	0.0	0.0	0.0	0.0	0.0	0.0	0.0	0.0	0.0	0.0	0.0	0.0	0.0	0.0	0.0	0.0	0.0	0.0	0.0	0.0	0.03125	0.0	0.0	0.0	0.0	0.0	0.0	0.18518518518518517	0.0	0.8333333333333334	0.75	1.0	0.375	0.4	0.7894736842105263	1.0	1.0	0.7894736842105263	0.8333333333333334	1.0	0.8333333333333334	0.8823529411764706	0.8823529411764706	0.8333333333333334	0.0	0.0	0.0	0.0	0.0	0.0	0.0	
EPI_ISL_592320	0.0	0.0	0.0	0.0	0.03125	0.0	0.0	0.0	0.0	0.0	0.03225806451612903	0.0	0.0	0.0	0.0	0.0	0.17857142857142858	0.0	0.0	0.0	0.0	0.0	0.0	0.0	0.03125	0.0	0.0	0.0	0.0	0.0	0.0	0.0	0.0	0.0	0.0	0.0	0.0	0.0	0.0	0.0	0.0	0.0	0.0	0.0	0.0	0.0	0.0	0.0	0.03333333333333333	0.0	0.0	0.0	0.0	0.0	0.0	0.0	0.0	0.0	0.0	0.0	0.0	0.0	0.0	0.0	0.0	0.0	0.0	0.0	0.0	0.03225806451612903	0.0	0.0	0.0	0.0	0.0	0.0	0.19230769230769232	0.0	0.8823529411764706	0.8888888888888888	0.8333333333333334	0.45454545454545453	0.4166666666666667	0.9411764705882353	0.8333333333333334	0.8333333333333334	0.9411764705882353	0.8823529411764706	0.8333333333333334	1.0	0.9375	0.9375	1.0	0.0	0.0	0.0	0.0	0.0	0.0	0.0	
EPI_ISL_519636	0.0	0.0	0.0	0.0	0.03225806451612903	0.0	0.0	0.0	0.0	0.0	0.03333333333333333	0.0	0.0	0.0	0.0	0.0	0.18518518518518517	0.0	0.0	0.0	0.0	0.0	0.0	0.0	0.03225806451612903	0.0	0.0	0.0	0.0	0.0	0.0	0.0	0.0	0.0	0.0	0.0	0.0	0.0	0.0	0.0	0.0	0.0	0.0	0.0	0.0	0.0	0.0	0.0	0.034482758620689655	0.0	0.0	0.0	0.0	0.0	0.0	0.0	0.0	0.0	0.0	0.0	0.0	0.0	0.0	0.0	0.0	0.0	0.0	0.0	0.0	0.03333333333333333	0.0	0.0	0.0	0.0	0.0	0.0	0.2	0.0	0.9375	0.8333333333333334	0.8823529411764706	0.4090909090909091	0.43478260869565216	0.8823529411764706	0.8823529411764706	0.8823529411764706	0.8823529411764706	0.9375	0.8823529411764706	0.9375	1.0	1.0	0.9375	0.0	0.0	0.0	0.0	0.0	0.0	0.0	
EPI_ISL_518913	0.0	0.0	0.0	0.0	0.03225806451612903	0.0	0.0	0.0	0.0	0.0	0.03333333333333333	0.0	0.0	0.0	0.0	0.0	0.18518518518518517	0.0	0.0	0.0	0.0	0.0	0.0	0.0	0.03225806451612903	0.0	0.0	0.0	0.0	0.0	0.0	0.0	0.0	0.0	0.0	0.0	0.0	0.0	0.0	0.0	0.0	0.0	0.0	0.0	0.0	0.0	0.0	0.0	0.034482758620689655	0.0	0.0	0.0	0.0	0.0	0.0	0.0	0.0	0.0	0.0	0.0	0.0	0.0	0.0	0.0	0.0	0.0	0.0	0.0	0.0	0.03333333333333333	0.0	0.0	0.0	0.0	0.0	0.0	0.2	0.0	0.9375	0.8333333333333334	0.8823529411764706	0.4090909090909091	0.43478260869565216	0.8823529411764706	0.8823529411764706	0.8823529411764706	0.8823529411764706	0.9375	0.8823529411764706	0.9375	1.0	1.0	0.9375	0.0	0.0	0.0	0.0	0.0	0.0	0.0	
EPI_ISL_563348	0.0	0.0	0.0	0.0	0.03125	0.0	0.0	0.0	0.0	0.0	0.03225806451612903	0.0	0.0	0.0	0.0	0.0	0.17857142857142858	0.0	0.0	0.0	0.0	0.0	0.0	0.0	0.03125	0.0	0.0	0.0	0.0	0.0	0.0	0.0	0.0	0.0	0.0	0.0	0.0	0.0	0.0	0.0	0.0	0.0	0.0	0.0	0.0	0.0	0.0	0.0	0.03333333333333333	0.0	0.0	0.0	0.0	0.0	0.0	0.0	0.0	0.0	0.0	0.0	0.0	0.0	0.0	0.0	0.0	0.0	0.0	0.0	0.0	0.03225806451612903	0.0	0.0	0.0	0.0	0.0	0.0	0.19230769230769232	0.0	0.8823529411764706	0.8888888888888888	0.8333333333333334	0.45454545454545453	0.4166666666666667	0.9411764705882353	0.8333333333333334	0.8333333333333334	0.9411764705882353	0.8823529411764706	0.8333333333333334	1.0	0.9375	0.9375	1.0	0.0	0.0	0.0	0.0	0.0	0.0	0.0	
EPI_ISL_419757	0.0	0.0	0.0	0.0	0.0	0.0	0.0	0.0	0.0	0.0	0.0	0.0	0.0	0.0	0.0	0.0	0.0	0.0	0.0	0.0	0.0	0.0	0.0	0.0	0.0	0.0	0.0	0.0	0.0	0.0	0.0	0.0	0.0	0.0	0.0	0.0	0.0	0.0	0.0	0.0	0.0	0.0	0.0	0.0	0.0	0.0	0.0	0.0	0.0	0.0	0.0	0.0	0.0	0.0	0.0	0.0	0.0	0.0	0.0	0.0	0.0	0.0	0.0	0.0	0.0	0.0	0.0	0.0	0.0	0.0	0.0	0.0	0.0	0.0	0.0	0.0	0.0	0.0	0.0	0.0	0.0	0.0	0.0	0.0	0.0	0.0	0.0	0.0	0.0	0.0	0.0	0.0	0.0	1.0	0.0	0.0	0.0	0.0	0.0	0.0	
EPI_ISL_563251	0.0	0.0	0.0	0.0	0.03125	0.0	0.0	0.0	0.0	0.0	0.03225806451612903	0.0	0.0	0.0	0.0	0.0	0.0	0.0	0.0	0.0	0.0	0.0	0.0	0.0	0.03125	0.0	0.0	0.0	0.0	0.0	0.0	0.0	0.0	0.0	0.0	0.0	0.0	0.0	0.0	0.0	0.0	0.0	0.0	0.0	0.0	0.0	0.0	0.0	0.03333333333333333	0.0	0.0	0.0	0.0	0.0	0.0	0.0	0.0	0.0	0.0	0.0	0.0	0.0	0.0	0.0	0.0	0.0	0.0	0.0	0.0	0.0	0.0	0.0	0.03125	0.0	0.0	0.0	0.0	0.0	0.0	0.0	0.0	0.23076923076923078	0.1724137931034483	0.0	0.0	0.0	0.0	0.0	0.0	0.0	0.0	0.0	0.0	0.0	1.0	0.8333333333333334	0.8823529411764706	0.9375	0.9375	0.8823529411764706	
EPI_ISL_591852	0.0	0.0	0.0	0.0	0.030303030303030304	0.0	0.0	0.0	0.0	0.0	0.03125	0.0	0.0	0.0	0.0	0.0	0.0	0.0	0.0	0.0	0.0	0.0	0.0	0.0	0.030303030303030304	0.0	0.0	0.0	0.0	0.0	0.0	0.0	0.0	0.0	0.0	0.0	0.0	0.0	0.0	0.0	0.0	0.0	0.0	0.0	0.0	0.0	0.0	0.0	0.03225806451612903	0.0	0.0	0.0	0.0	0.0	0.0	0.0	0.0	0.0	0.0	0.0	0.0	0.0	0.0	0.0	0.0	0.0	0.0	0.0	0.0	0.0	0.0	0.0	0.030303030303030304	0.0	0.0	0.0	0.0	0.0	0.0	0.0	0.0	0.2222222222222222	0.16666666666666666	0.0	0.0	0.0	0.0	0.0	0.0	0.0	0.0	0.0	0.0	0.0	0.8333333333333334	1.0	0.8333333333333334	0.8823529411764706	0.8823529411764706	0.8333333333333334	
EPI_ISL_563490	0.0	0.0	0.0	0.0	0.03125	0.0	0.0	0.0	0.0	0.0	0.03225806451612903	0.0	0.0	0.0	0.0	0.0	0.0	0.0	0.0	0.0	0.0	0.0	0.0	0.0	0.03125	0.0	0.0	0.0	0.0	0.0	0.0	0.0	0.0	0.0	0.0	0.0	0.0	0.0	0.0	0.0	0.0	0.0	0.0	0.0	0.0	0.0	0.0	0.0	0.03333333333333333	0.0	0.0	0.0	0.0	0.0	0.0	0.0	0.0	0.0	0.0	0.0	0.0	0.0	0.0	0.0	0.0	0.0	0.0	0.0	0.0	0.0	0.0	0.0	0.03125	0.0	0.0	0.0	0.0	0.0	0.0	0.0	0.0	0.23076923076923078	0.1724137931034483	0.0	0.0	0.0	0.0	0.0	0.0	0.0	0.0	0.0	0.0	0.0	0.8823529411764706	0.8333333333333334	1.0	0.9375	0.9375	1.0	
EPI_ISL_520624	0.0	0.0	0.0	0.0	0.03225806451612903	0.0	0.0	0.0	0.0	0.0	0.03333333333333333	0.0	0.0	0.0	0.0	0.0	0.0	0.0	0.0	0.0	0.0	0.0	0.0	0.0	0.03225806451612903	0.0	0.0	0.0	0.0	0.0	0.0	0.0	0.0	0.0	0.0	0.0	0.0	0.0	0.0	0.0	0.0	0.0	0.0	0.0	0.0	0.0	0.0	0.0	0.034482758620689655	0.0	0.0	0.0	0.0	0.0	0.0	0.0	0.0	0.0	0.0	0.0	0.0	0.0	0.0	0.0	0.0	0.0	0.0	0.0	0.0	0.0	0.0	0.0	0.03225806451612903	0.0	0.0	0.0	0.0	0.0	0.0	0.0	0.0	0.24	0.17857142857142858	0.0	0.0	0.0	0.0	0.0	0.0	0.0	0.0	0.0	0.0	0.0	0.9375	0.8823529411764706	0.9375	1.0	1.0	0.9375	
EPI_ISL_519632	0.0	0.0	0.0	0.0	0.03225806451612903	0.0	0.0	0.0	0.0	0.0	0.03333333333333333	0.0	0.0	0.0	0.0	0.0	0.0	0.0	0.0	0.0	0.0	0.0	0.0	0.0	0.03225806451612903	0.0	0.0	0.0	0.0	0.0	0.0	0.0	0.0	0.0	0.0	0.0	0.0	0.0	0.0	0.0	0.0	0.0	0.0	0.0	0.0	0.0	0.0	0.0	0.034482758620689655	0.0	0.0	0.0	0.0	0.0	0.0	0.0	0.0	0.0	0.0	0.0	0.0	0.0	0.0	0.0	0.0	0.0	0.0	0.0	0.0	0.0	0.0	0.0	0.03225806451612903	0.0	0.0	0.0	0.0	0.0	0.0	0.0	0.0	0.24	0.17857142857142858	0.0	0.0	0.0	0.0	0.0	0.0	0.0	0.0	0.0	0.0	0.0	0.9375	0.8823529411764706	0.9375	1.0	1.0	0.9375	
EPI_ISL_592059	0.0	0.0	0.0	0.0	0.03125	0.0	0.0	0.0	0.0	0.0	0.03225806451612903	0.0	0.0	0.0	0.0	0.0	0.0	0.0	0.0	0.0	0.0	0.0	0.0	0.0	0.03125	0.0	0.0	0.0	0.0	0.0	0.0	0.0	0.0	0.0	0.0	0.0	0.0	0.0	0.0	0.0	0.0	0.0	0.0	0.0	0.0	0.0	0.0	0.0	0.03333333333333333	0.0	0.0	0.0	0.0	0.0	0.0	0.0	0.0	0.0	0.0	0.0	0.0	0.0	0.0	0.0	0.0	0.0	0.0	0.0	0.0	0.0	0.0	0.0	0.03125	0.0	0.0	0.0	0.0	0.0	0.0	0.0	0.0	0.23076923076923078	0.1724137931034483	0.0	0.0	0.0	0.0	0.0	0.0	0.0	0.0	0.0	0.0	0.0	0.8823529411764706	0.8333333333333334	1.0	0.9375	0.9375	1.0	
