100
Ref_strain_id	0	16	10	18	17	13	7	16	17	15	16	15	18	10	15	19	17	9	5	16	10	15	15	17	17	11	11	17	19	17	19	10	5	15	15	9	9	15	16	15	16	15	5	15	16	11	16	15	15	16	18	16	15	15	17	16	16	18	12	16	16	16	15	19	17	17	9	16	17	16	17	10	17	12	15	9	15	17	16	18	17	16	18	17	17	17	17	16	17	16	15	15	16	9	16	17	16	15	15	16	
EPI_ISL_521809	16	0	26	34	33	29	23	32	33	31	32	31	34	26	31	35	33	25	21	32	26	31	31	33	33	27	27	33	35	33	35	26	21	31	31	25	25	31	32	31	32	31	21	31	32	27	32	31	31	32	34	32	31	31	33	32	32	34	28	32	32	32	31	35	33	33	25	32	33	32	33	26	33	28	31	25	31	33	32	34	33	32	34	33	33	33	33	32	33	32	31	31	32	25	32	33	32	31	31	32	
EPI_ISL_530237	10	26	0	28	27	23	17	26	27	25	26	25	28	20	25	29	27	19	15	26	20	25	25	27	27	21	21	27	29	27	29	20	15	25	25	19	19	25	26	25	26	25	15	25	26	21	26	25	25	26	28	26	25	25	27	26	26	28	22	26	26	26	25	29	27	27	19	26	27	26	27	20	27	22	25	19	25	27	26	28	27	26	28	27	27	27	27	26	27	26	25	25	26	19	26	27	26	25	25	26	
EPI_ISL_678363	18	34	28	0	27	31	25	20	21	19	28	19	22	22	19	23	29	21	19	20	22	29	19	21	29	23	23	21	23	21	23	22	19	27	19	21	21	19	20	19	20	33	23	33	34	29	34	33	33	34	36	34	33	33	35	34	34	36	30	34	34	34	33	37	35	35	27	34	35	34	35	28	35	30	33	27	33	35	34	36	35	34	36	35	35	35	35	34	35	34	33	33	34	27	34	35	34	33	33	34	
EPI_ISL_593164	17	33	27	27	0	30	24	19	20	18	9	18	21	13	18	22	18	12	14	19	13	24	18	20	10	14	14	20	22	20	22	13	14	24	18	12	12	18	19	18	19	32	22	32	33	28	33	32	22	33	35	33	32	32	34	33	33	35	29	33	33	33	32	36	34	34	26	33	34	31	34	27	32	29	32	26	30	34	31	33	32	31	33	32	32	32	32	31	32	31	30	30	31	26	31	32	31	30	30	31	
EPI_ISL_521525	13	29	23	31	30	0	20	29	30	28	29	28	31	23	28	32	30	22	18	29	23	28	28	30	30	24	24	30	32	30	32	23	18	28	28	22	22	28	29	28	29	28	18	28	29	24	29	28	28	29	31	29	28	28	30	29	29	31	25	29	29	29	28	32	30	30	22	29	30	29	30	23	30	25	28	22	28	30	29	31	30	29	31	30	30	30	30	29	30	29	28	28	29	22	29	30	29	28	28	29	
EPI_ISL_639749	7	23	17	25	24	20	0	23	24	22	23	22	25	17	22	26	24	16	12	23	17	22	22	24	24	18	18	24	26	24	26	17	12	22	22	16	16	22	23	22	23	22	12	22	23	18	23	22	22	23	25	23	22	22	24	23	23	25	19	23	23	23	22	26	24	24	16	23	24	23	24	17	24	19	22	16	22	24	23	25	24	23	25	24	24	24	24	23	24	23	22	22	23	16	23	24	23	22	22	23	
EPI_ISL_663765	16	32	26	20	19	29	23	0	3	1	12	1	4	6	1	5	11	7	11	2	8	21	1	3	15	9	9	3	5	3	5	6	11	19	1	7	7	1	2	1	2	31	21	31	32	27	32	31	31	32	34	32	31	31	33	32	32	34	28	32	32	32	31	35	33	33	25	32	33	32	33	26	33	28	31	25	31	33	32	34	33	32	34	33	33	33	33	32	33	32	31	31	32	25	32	33	32	31	31	32	
EPI_ISL_779546	17	33	27	21	20	30	24	3	0	2	13	2	1	9	2	2	14	8	12	3	9	22	2	0	16	10	10	4	2	0	2	9	12	20	2	8	8	2	3	2	3	32	22	32	33	28	33	32	32	33	35	33	32	32	34	33	33	35	29	33	33	33	32	36	34	34	26	33	34	33	34	27	34	29	32	26	32	34	33	35	34	33	35	34	34	34	34	33	34	33	32	32	33	26	33	34	33	32	32	33	
EPI_ISL_519393	15	31	25	19	18	28	22	1	2	0	11	0	3	7	0	4	12	6	10	1	7	20	0	2	14	8	8	2	4	2	4	7	10	18	0	6	6	0	1	0	1	30	20	30	31	26	31	30	30	31	33	31	30	30	32	31	31	33	27	31	31	31	30	34	32	32	24	31	32	31	32	25	32	27	30	24	30	32	31	33	32	31	33	32	32	32	32	31	32	31	30	30	31	24	31	32	31	30	30	31	
EPI_ISL_592019	16	32	26	28	9	29	23	12	13	11	0	11	14	8	11	15	11	7	11	10	6	21	11	13	5	9	9	13	15	13	15	8	11	21	11	7	7	11	10	11	10	31	21	31	32	27	32	31	21	32	34	32	31	31	33	32	32	34	28	32	32	32	31	35	33	33	25	32	33	32	33	26	33	28	31	25	29	33	30	32	31	30	32	31	31	31	31	30	31	30	29	29	30	25	30	31	30	29	29	30	
EPI_ISL_518914	15	31	25	19	18	28	22	1	2	0	11	0	3	7	0	4	12	6	10	1	7	20	0	2	14	8	8	2	4	2	4	7	10	18	0	6	6	0	1	0	1	30	20	30	31	26	31	30	30	31	33	31	30	30	32	31	31	33	27	31	31	31	30	34	32	32	24	31	32	31	32	25	32	27	30	24	30	32	31	33	32	31	33	32	32	32	32	31	32	31	30	30	31	24	31	32	31	30	30	31	
EPI_ISL_593182	18	34	28	22	21	31	25	4	1	3	14	3	0	10	3	3	15	9	13	4	10	23	3	1	17	11	11	5	3	1	3	10	13	21	3	9	9	3	4	3	4	33	23	33	34	29	34	33	33	34	36	34	33	33	35	34	34	36	30	34	34	34	33	37	35	35	27	34	35	34	35	28	35	30	33	27	33	35	34	36	35	34	36	35	35	35	35	34	35	34	33	33	34	27	34	35	34	33	33	34	
EPI_ISL_592235	10	26	20	22	13	23	17	6	9	7	8	7	10	0	7	11	7	1	5	8	2	15	7	9	9	3	3	9	11	9	11	0	5	15	7	1	1	7	8	7	8	25	15	25	26	21	26	25	25	26	28	26	25	25	27	26	26	28	22	26	26	26	25	29	27	27	19	26	27	26	27	20	27	22	25	19	25	27	26	28	27	26	28	27	27	27	27	26	27	26	25	25	26	19	26	27	26	25	25	26	
EPI_ISL_527036	15	31	25	19	18	28	22	1	2	0	11	0	3	7	0	4	12	6	10	1	7	20	0	2	14	8	8	2	4	2	4	7	10	18	0	6	6	0	1	0	1	30	20	30	31	26	31	30	30	31	33	31	30	30	32	31	31	33	27	31	31	31	30	34	32	32	24	31	32	31	32	25	32	27	30	24	30	32	31	33	32	31	33	32	32	32	32	31	32	31	30	30	31	24	31	32	31	30	30	31	
EPI_ISL_779603	19	35	29	23	22	32	26	5	2	4	15	4	3	11	4	0	16	10	14	5	11	24	4	2	18	12	12	6	4	2	4	11	14	22	4	10	10	4	5	4	5	34	24	34	35	30	35	34	34	35	37	35	34	34	36	35	35	37	31	35	35	35	34	38	36	36	28	35	36	35	36	29	36	31	34	28	34	36	35	37	36	35	37	36	36	36	36	35	36	35	34	34	35	28	35	36	35	34	34	35	
EPI_ISL_593419	17	33	27	29	18	30	24	11	14	12	11	12	15	7	12	16	0	8	12	13	9	22	12	14	14	10	10	14	16	14	16	7	12	22	12	8	8	12	13	12	13	32	22	32	33	28	33	32	30	33	35	33	32	32	34	33	33	35	29	33	33	33	32	36	34	34	26	33	34	31	34	27	34	29	32	26	22	34	23	25	24	33	35	24	24	24	24	23	24	23	22	22	23	26	33	34	33	32	32	33	
EPI_ISL_592908	9	25	19	21	12	22	16	7	8	6	7	6	9	1	6	10	8	0	4	7	1	14	6	8	8	2	2	8	10	8	10	1	4	14	6	0	0	6	7	6	7	24	14	24	25	20	25	24	24	25	27	25	24	24	26	25	25	27	21	25	25	25	24	28	26	26	18	25	26	25	26	19	26	21	24	18	24	26	25	27	26	25	27	26	26	26	26	25	26	25	24	24	25	18	25	26	25	24	24	25	
EPI_ISL_591856	5	21	15	19	14	18	12	11	12	10	11	10	13	5	10	14	12	4	0	11	5	10	10	12	12	6	6	12	14	12	14	5	0	10	10	4	4	10	11	10	11	20	10	20	21	16	21	20	20	21	23	21	20	20	22	21	21	23	17	21	21	21	20	24	22	22	14	21	22	21	22	15	22	17	20	14	20	22	21	23	22	21	23	22	22	22	22	21	22	21	20	20	21	14	21	22	21	20	20	21	
EPI_ISL_519242	16	32	26	20	19	29	23	2	3	1	10	1	4	8	1	5	13	7	11	0	6	21	1	3	15	9	9	3	5	3	5	8	11	19	1	7	7	1	0	1	0	31	21	31	32	27	32	31	31	32	34	32	31	31	33	32	32	34	28	32	32	32	31	35	33	33	25	32	33	32	33	26	33	28	31	25	31	33	32	34	33	32	34	33	33	33	33	32	33	32	31	31	32	25	32	33	32	31	31	32	
EPI_ISL_663941	10	26	20	22	13	23	17	8	9	7	6	7	10	2	7	11	9	1	5	6	0	15	7	9	9	3	3	9	11	9	11	2	5	15	7	1	1	7	6	7	6	25	15	25	26	21	26	25	25	26	28	26	25	25	27	26	26	28	22	26	26	26	25	29	27	27	19	26	27	26	27	20	27	22	25	19	25	27	26	28	27	26	28	27	27	27	27	26	27	26	25	25	26	19	26	27	26	25	25	26	
EPI_ISL_592072	15	31	25	29	24	28	22	21	22	20	21	20	23	15	20	24	22	14	10	21	15	0	20	22	22	16	16	22	24	22	24	15	10	20	20	14	14	20	21	20	21	28	20	28	29	26	29	30	30	31	33	31	30	30	32	31	31	33	27	31	31	31	30	34	32	32	24	31	32	31	32	25	32	27	30	24	30	32	31	33	32	31	33	32	32	32	32	31	32	31	30	30	31	24	31	32	31	30	30	31	
EPI_ISL_519507	15	31	25	19	18	28	22	1	2	0	11	0	3	7	0	4	12	6	10	1	7	20	0	2	14	8	8	2	4	2	4	7	10	18	0	6	6	0	1	0	1	30	20	30	31	26	31	30	30	31	33	31	30	30	32	31	31	33	27	31	31	31	30	34	32	32	24	31	32	31	32	25	32	27	30	24	30	32	31	33	32	31	33	32	32	32	32	31	32	31	30	30	31	24	31	32	31	30	30	31	
EPI_ISL_592895	17	33	27	21	20	30	24	3	0	2	13	2	1	9	2	2	14	8	12	3	9	22	2	0	16	10	10	4	2	0	2	9	12	20	2	8	8	2	3	2	3	32	22	32	33	28	33	32	32	33	35	33	32	32	34	33	33	35	29	33	33	33	32	36	34	34	26	33	34	33	34	27	34	29	32	26	32	34	33	35	34	33	35	34	34	34	34	33	34	33	32	32	33	26	33	34	33	32	32	33	
EPI_ISL_641278	17	33	27	29	10	30	24	15	16	14	5	14	17	9	14	18	14	8	12	15	9	22	14	16	0	10	10	16	18	16	18	9	12	22	14	8	8	14	15	14	15	32	22	32	33	28	33	32	20	33	35	33	32	32	34	33	33	35	29	33	33	33	32	36	34	34	26	33	34	33	34	27	34	29	32	26	30	34	31	33	32	31	33	32	32	32	32	31	32	31	30	30	31	26	31	32	31	30	30	31	
EPI_ISL_563371	11	27	21	23	14	24	18	9	10	8	9	8	11	3	8	12	10	2	6	9	3	16	8	10	10	0	4	10	8	10	8	3	6	16	8	2	2	8	9	8	9	26	16	26	27	22	27	26	26	27	29	27	26	26	28	27	27	29	23	27	27	27	26	30	28	28	20	27	28	27	28	21	28	23	26	20	26	28	27	29	28	27	29	28	28	28	28	27	28	27	26	26	27	20	27	28	27	26	26	27	
EPI_ISL_593413	11	27	21	23	14	24	18	9	10	8	9	8	11	3	8	12	10	2	6	9	3	16	8	10	10	4	0	10	12	10	12	3	6	16	8	2	2	8	9	8	9	26	16	26	27	22	27	26	26	27	29	27	26	26	28	27	27	29	23	27	27	27	26	30	28	28	20	27	28	27	28	21	28	23	26	20	26	28	27	29	28	27	29	28	28	28	28	27	28	27	26	26	27	20	27	28	27	26	26	27	
EPI_ISL_779467	17	33	27	21	20	30	24	3	4	2	13	2	5	9	2	6	14	8	12	3	9	22	2	4	16	10	10	0	6	4	6	9	12	20	2	8	8	2	3	2	3	32	22	32	33	28	33	32	32	33	35	33	32	32	34	33	33	35	29	33	33	33	32	36	34	34	26	33	34	33	34	27	34	29	32	26	32	34	33	35	34	33	35	34	34	34	34	33	34	33	32	32	33	26	33	34	33	32	32	33	
EPI_ISL_563394	19	35	29	23	22	32	26	5	2	4	15	4	3	11	4	4	16	10	14	5	11	24	4	2	18	8	12	6	0	2	0	11	14	22	4	10	10	4	5	4	5	34	24	34	35	30	35	34	34	35	37	35	34	34	36	35	35	37	31	35	35	35	34	38	36	36	28	35	36	35	36	29	36	31	34	28	34	36	35	37	36	35	37	36	36	36	36	35	36	35	34	34	35	28	35	36	35	34	34	35	
EPI_ISL_779543	17	33	27	21	20	30	24	3	0	2	13	2	1	9	2	2	14	8	12	3	9	22	2	0	16	10	10	4	2	0	2	9	12	20	2	8	8	2	3	2	3	32	22	32	33	28	33	32	32	33	35	33	32	32	34	33	33	35	29	33	33	33	32	36	34	34	26	33	34	33	34	27	34	29	32	26	32	34	33	35	34	33	35	34	34	34	34	33	34	33	32	32	33	26	33	34	33	32	32	33	
EPI_ISL_779548	19	35	29	23	22	32	26	5	2	4	15	4	3	11	4	4	16	10	14	5	11	24	4	2	18	8	12	6	0	2	0	11	14	22	4	10	10	4	5	4	5	34	24	34	35	30	35	34	34	35	37	35	34	34	36	35	35	37	31	35	35	35	34	38	36	36	28	35	36	35	36	29	36	31	34	28	34	36	35	37	36	35	37	36	36	36	36	35	36	35	34	34	35	28	35	36	35	34	34	35	
EPI_ISL_563721	10	26	20	22	13	23	17	6	9	7	8	7	10	0	7	11	7	1	5	8	2	15	7	9	9	3	3	9	11	9	11	0	5	15	7	1	1	7	8	7	8	25	15	25	26	21	26	25	25	26	28	26	25	25	27	26	26	28	22	26	26	26	25	29	27	27	19	26	27	26	27	20	27	22	25	19	25	27	26	28	27	26	28	27	27	27	27	26	27	26	25	25	26	19	26	27	26	25	25	26	
EPI_ISL_562776	5	21	15	19	14	18	12	11	12	10	11	10	13	5	10	14	12	4	0	11	5	10	10	12	12	6	6	12	14	12	14	5	0	10	10	4	4	10	11	10	11	20	10	20	21	16	21	20	20	21	23	21	20	20	22	21	21	23	17	21	21	21	20	24	22	22	14	21	22	21	22	15	22	17	20	14	20	22	21	23	22	21	23	22	22	22	22	21	22	21	20	20	21	14	21	22	21	20	20	21	
EPI_ISL_520511	15	31	25	27	24	28	22	19	20	18	21	18	21	15	18	22	22	14	10	19	15	20	18	20	22	16	16	20	22	20	22	15	10	0	18	14	14	18	19	18	19	30	20	30	31	26	31	30	30	31	33	31	30	30	32	31	31	33	27	31	31	31	30	34	32	32	24	31	32	31	32	25	32	27	30	24	30	32	31	33	32	31	33	32	32	32	32	31	32	31	30	30	31	24	31	32	31	30	30	31	
EPI_ISL_518603	15	31	25	19	18	28	22	1	2	0	11	0	3	7	0	4	12	6	10	1	7	20	0	2	14	8	8	2	4	2	4	7	10	18	0	6	6	0	1	0	1	30	20	30	31	26	31	30	30	31	33	31	30	30	32	31	31	33	27	31	31	31	30	34	32	32	24	31	32	31	32	25	32	27	30	24	30	32	31	33	32	31	33	32	32	32	32	31	32	31	30	30	31	24	31	32	31	30	30	31	
EPI_ISL_593035	9	25	19	21	12	22	16	7	8	6	7	6	9	1	6	10	8	0	4	7	1	14	6	8	8	2	2	8	10	8	10	1	4	14	6	0	0	6	7	6	7	24	14	24	25	20	25	24	24	25	27	25	24	24	26	25	25	27	21	25	25	25	24	28	26	26	18	25	26	25	26	19	26	21	24	18	24	26	25	27	26	25	27	26	26	26	26	25	26	25	24	24	25	18	25	26	25	24	24	25	
EPI_ISL_779601	9	25	19	21	12	22	16	7	8	6	7	6	9	1	6	10	8	0	4	7	1	14	6	8	8	2	2	8	10	8	10	1	4	14	6	0	0	6	7	6	7	24	14	24	25	20	25	24	24	25	27	25	24	24	26	25	25	27	21	25	25	25	24	28	26	26	18	25	26	25	26	19	26	21	24	18	24	26	25	27	26	25	27	26	26	26	26	25	26	25	24	24	25	18	25	26	25	24	24	25	
EPI_ISL_519245	15	31	25	19	18	28	22	1	2	0	11	0	3	7	0	4	12	6	10	1	7	20	0	2	14	8	8	2	4	2	4	7	10	18	0	6	6	0	1	0	1	30	20	30	31	26	31	30	30	31	33	31	30	30	32	31	31	33	27	31	31	31	30	34	32	32	24	31	32	31	32	25	32	27	30	24	30	32	31	33	32	31	33	32	32	32	32	31	32	31	30	30	31	24	31	32	31	30	30	31	
EPI_ISL_592205	16	32	26	20	19	29	23	2	3	1	10	1	4	8	1	5	13	7	11	0	6	21	1	3	15	9	9	3	5	3	5	8	11	19	1	7	7	1	0	1	0	31	21	31	32	27	32	31	31	32	34	32	31	31	33	32	32	34	28	32	32	32	31	35	33	33	25	32	33	32	33	26	33	28	31	25	31	33	32	34	33	32	34	33	33	33	33	32	33	32	31	31	32	25	32	33	32	31	31	32	
EPI_ISL_518968	15	31	25	19	18	28	22	1	2	0	11	0	3	7	0	4	12	6	10	1	7	20	0	2	14	8	8	2	4	2	4	7	10	18	0	6	6	0	1	0	1	30	20	30	31	26	31	30	30	31	33	31	30	30	32	31	31	33	27	31	31	31	30	34	32	32	24	31	32	31	32	25	32	27	30	24	30	32	31	33	32	31	33	32	32	32	32	31	32	31	30	30	31	24	31	32	31	30	30	31	
EPI_ISL_518911	16	32	26	20	19	29	23	2	3	1	10	1	4	8	1	5	13	7	11	0	6	21	1	3	15	9	9	3	5	3	5	8	11	19	1	7	7	1	0	1	0	31	21	31	32	27	32	31	31	32	34	32	31	31	33	32	32	34	28	32	32	32	31	35	33	33	25	32	33	32	33	26	33	28	31	25	31	33	32	34	33	32	34	33	33	33	33	32	33	32	31	31	32	25	32	33	32	31	31	32	
EPI_ISL_519004	15	31	25	33	32	28	22	31	32	30	31	30	33	25	30	34	32	24	20	31	25	28	30	32	32	26	26	32	34	32	34	25	20	30	30	24	24	30	31	30	31	0	10	0	1	8	1	28	30	29	33	29	28	28	30	29	29	33	27	29	29	29	28	32	30	30	24	29	30	31	30	25	32	27	28	24	30	30	31	33	32	31	33	32	32	32	32	31	32	31	30	30	31	24	31	32	31	30	30	31	
EPI_ISL_592064	5	21	15	23	22	18	12	21	22	20	21	20	23	15	20	24	22	14	10	21	15	20	20	22	22	16	16	22	24	22	24	15	10	20	20	14	14	20	21	20	21	10	0	10	11	6	11	20	20	21	23	21	20	20	22	21	21	23	17	21	21	21	20	24	22	22	14	21	22	21	22	15	22	17	20	14	20	22	21	23	22	21	23	22	22	22	22	21	22	21	20	20	21	14	21	22	21	20	20	21	
EPI_ISL_520955	15	31	25	33	32	28	22	31	32	30	31	30	33	25	30	34	32	24	20	31	25	28	30	32	32	26	26	32	34	32	34	25	20	30	30	24	24	30	31	30	31	0	10	0	1	8	1	28	30	29	33	29	28	28	30	29	29	33	27	29	29	29	28	32	30	30	24	29	30	31	30	25	32	27	28	24	30	30	31	33	32	31	33	32	32	32	32	31	32	31	30	30	31	24	31	32	31	30	30	31	
EPI_ISL_519247	16	32	26	34	33	29	23	32	33	31	32	31	34	26	31	35	33	25	21	32	26	29	31	33	33	27	27	33	35	33	35	26	21	31	31	25	25	31	32	31	32	1	11	1	0	9	2	29	31	30	34	30	29	29	31	30	30	34	28	30	30	30	29	33	31	31	25	30	31	32	31	26	33	28	29	25	31	31	32	34	33	32	34	33	33	33	33	32	33	32	31	31	32	25	32	33	32	31	31	32	
EPI_ISL_592329	11	27	21	29	28	24	18	27	28	26	27	26	29	21	26	30	28	20	16	27	21	26	26	28	28	22	22	28	30	28	30	21	16	26	26	20	20	26	27	26	27	8	6	8	9	0	9	26	26	27	29	27	26	26	28	27	27	29	23	27	27	27	26	30	28	28	20	27	28	27	28	21	28	23	26	20	26	28	27	29	28	27	29	28	28	28	28	27	28	27	26	26	27	20	27	28	27	26	26	27	
EPI_ISL_519418	16	32	26	34	33	29	23	32	33	31	32	31	34	26	31	35	33	25	21	32	26	29	31	33	33	27	27	33	35	33	35	26	21	31	31	25	25	31	32	31	32	1	11	1	2	9	0	29	31	30	34	30	29	29	31	30	30	34	28	30	30	30	29	33	31	31	25	30	31	32	31	26	33	28	29	25	31	31	32	34	33	32	34	33	33	33	33	32	33	32	31	31	32	25	32	33	32	31	31	32	
EPI_ISL_518930	15	31	25	33	32	28	22	31	32	30	31	30	33	25	30	34	32	24	20	31	25	30	30	32	32	26	26	32	34	32	34	25	20	30	30	24	24	30	31	30	31	28	20	28	29	26	29	0	12	1	15	1	0	0	2	1	1	23	9	1	1	1	0	4	2	2	6	1	2	11	2	7	14	9	0	6	10	2	31	33	32	31	33	32	32	32	32	31	32	31	30	30	31	24	31	32	31	30	30	31	
EPI_ISL_563917	15	31	25	33	22	28	22	31	32	30	21	30	33	25	30	34	30	24	20	31	25	30	30	32	20	26	26	32	34	32	34	25	20	30	30	24	24	30	31	30	31	30	20	30	31	26	31	12	0	13	15	13	12	12	14	13	13	23	9	13	13	13	12	16	14	14	6	13	14	13	14	7	14	9	12	6	10	14	29	31	30	29	31	30	30	30	30	29	30	29	28	28	29	24	29	30	29	28	28	29	
EPI_ISL_663776	16	32	26	34	33	29	23	32	33	31	32	31	34	26	31	35	33	25	21	32	26	31	31	33	33	27	27	33	35	33	35	26	21	31	31	25	25	31	32	31	32	29	21	29	30	27	30	1	13	0	16	0	1	1	3	2	0	24	8	2	2	2	1	5	3	3	7	2	3	10	3	6	15	10	1	7	11	3	32	34	33	32	34	33	33	33	33	32	33	32	31	31	32	25	32	33	32	31	31	32	
EPI_ISL_563361	18	34	28	36	35	31	25	34	35	33	34	33	36	28	33	37	35	27	23	34	28	33	33	35	35	29	29	35	37	35	37	28	23	33	33	27	27	33	34	33	34	33	23	33	34	29	34	15	15	16	0	16	15	15	17	16	16	26	12	16	16	16	15	19	17	17	9	16	17	16	17	10	17	12	15	9	15	17	34	36	35	34	36	35	35	35	35	34	35	34	33	33	34	27	34	35	34	33	33	34	
EPI_ISL_640777	16	32	26	34	33	29	23	32	33	31	32	31	34	26	31	35	33	25	21	32	26	31	31	33	33	27	27	33	35	33	35	26	21	31	31	25	25	31	32	31	32	29	21	29	30	27	30	1	13	0	16	0	1	1	3	2	0	24	8	2	2	2	1	5	3	3	7	2	3	10	3	6	15	10	1	7	11	3	32	34	33	32	34	33	33	33	33	32	33	32	31	31	32	25	32	33	32	31	31	32	
EPI_ISL_519244	15	31	25	33	32	28	22	31	32	30	31	30	33	25	30	34	32	24	20	31	25	30	30	32	32	26	26	32	34	32	34	25	20	30	30	24	24	30	31	30	31	28	20	28	29	26	29	0	12	1	15	1	0	0	2	1	1	23	9	1	1	1	0	4	2	2	6	1	2	11	2	7	14	9	0	6	10	2	31	33	32	31	33	32	32	32	32	31	32	31	30	30	31	24	31	32	31	30	30	31	
EPI_ISL_518967	15	31	25	33	32	28	22	31	32	30	31	30	33	25	30	34	32	24	20	31	25	30	30	32	32	26	26	32	34	32	34	25	20	30	30	24	24	30	31	30	31	28	20	28	29	26	29	0	12	1	15	1	0	0	2	1	1	23	9	1	1	1	0	4	2	2	6	1	2	11	2	7	14	9	0	6	10	2	31	33	32	31	33	32	32	32	32	31	32	31	30	30	31	24	31	32	31	30	30	31	
EPI_ISL_592399	17	33	27	35	34	30	24	33	34	32	33	32	35	27	32	36	34	26	22	33	27	32	32	34	34	28	28	34	36	34	36	27	22	32	32	26	26	32	33	32	33	30	22	30	31	28	31	2	14	3	17	3	2	2	0	3	3	25	11	3	3	3	2	6	0	4	8	3	4	13	0	9	16	11	2	8	12	0	33	35	34	33	35	34	34	34	34	33	34	33	32	32	33	26	33	34	33	32	32	33	
EPI_ISL_519185	16	32	26	34	33	29	23	32	33	31	32	31	34	26	31	35	33	25	21	32	26	31	31	33	33	27	27	33	35	33	35	26	21	31	31	25	25	31	32	31	32	29	21	29	30	27	30	1	13	2	16	2	1	1	3	0	2	24	10	0	2	0	1	5	3	3	7	0	3	12	3	8	15	10	1	7	11	3	32	34	33	32	34	33	33	33	33	32	33	32	31	31	32	25	32	33	32	31	31	32	
EPI_ISL_663777	16	32	26	34	33	29	23	32	33	31	32	31	34	26	31	35	33	25	21	32	26	31	31	33	33	27	27	33	35	33	35	26	21	31	31	25	25	31	32	31	32	29	21	29	30	27	30	1	13	0	16	0	1	1	3	2	0	24	8	2	2	2	1	5	3	3	7	2	3	10	3	6	15	10	1	7	11	3	32	34	33	32	34	33	33	33	33	32	33	32	31	31	32	25	32	33	32	31	31	32	
EPI_ISL_640508	18	34	28	36	35	31	25	34	35	33	34	33	36	28	33	37	35	27	23	34	28	33	33	35	35	29	29	35	37	35	37	28	23	33	33	27	27	33	34	33	34	33	23	33	34	29	34	23	23	24	26	24	23	23	25	24	24	0	20	24	24	24	23	27	25	25	17	24	25	24	25	18	25	20	23	17	23	25	34	36	35	34	36	35	35	35	35	34	35	34	33	33	34	27	34	35	34	33	33	34	
EPI_ISL_592501	12	28	22	30	29	25	19	28	29	27	28	27	30	22	27	31	29	21	17	28	22	27	27	29	29	23	23	29	31	29	31	22	17	27	27	21	21	27	28	27	28	27	17	27	28	23	28	9	9	8	12	8	9	9	11	10	8	20	0	10	10	10	9	13	11	11	3	10	11	8	11	2	11	6	9	3	9	11	28	30	29	28	30	29	29	29	29	28	29	28	27	27	28	21	28	29	28	27	27	28	
EPI_ISL_518915	16	32	26	34	33	29	23	32	33	31	32	31	34	26	31	35	33	25	21	32	26	31	31	33	33	27	27	33	35	33	35	26	21	31	31	25	25	31	32	31	32	29	21	29	30	27	30	1	13	2	16	2	1	1	3	0	2	24	10	0	2	0	1	5	3	3	7	0	3	12	3	8	15	10	1	7	11	3	32	34	33	32	34	33	33	33	33	32	33	32	31	31	32	25	32	33	32	31	31	32	
EPI_ISL_519321	16	32	26	34	33	29	23	32	33	31	32	31	34	26	31	35	33	25	21	32	26	31	31	33	33	27	27	33	35	33	35	26	21	31	31	25	25	31	32	31	32	29	21	29	30	27	30	1	13	2	16	2	1	1	3	2	2	24	10	2	0	2	1	5	3	3	7	2	3	12	3	8	15	10	1	7	11	3	32	34	33	32	34	33	33	33	33	32	33	32	31	31	32	25	32	33	32	31	31	32	
EPI_ISL_591853	16	32	26	34	33	29	23	32	33	31	32	31	34	26	31	35	33	25	21	32	26	31	31	33	33	27	27	33	35	33	35	26	21	31	31	25	25	31	32	31	32	29	21	29	30	27	30	1	13	2	16	2	1	1	3	0	2	24	10	0	2	0	1	5	3	3	7	0	3	12	3	8	15	10	1	7	11	3	32	34	33	32	34	33	33	33	33	32	33	32	31	31	32	25	32	33	32	31	31	32	
EPI_ISL_518508	15	31	25	33	32	28	22	31	32	30	31	30	33	25	30	34	32	24	20	31	25	30	30	32	32	26	26	32	34	32	34	25	20	30	30	24	24	30	31	30	31	28	20	28	29	26	29	0	12	1	15	1	0	0	2	1	1	23	9	1	1	1	0	4	2	2	6	1	2	11	2	7	14	9	0	6	10	2	31	33	32	31	33	32	32	32	32	31	32	31	30	30	31	24	31	32	31	30	30	31	
EPI_ISL_518394	19	35	29	37	36	32	26	35	36	34	35	34	37	29	34	38	36	28	24	35	29	34	34	36	36	30	30	36	38	36	38	29	24	34	34	28	28	34	35	34	35	32	24	32	33	30	33	4	16	5	19	5	4	4	6	5	5	27	13	5	5	5	4	0	6	2	10	5	6	15	6	11	18	13	4	10	14	6	35	37	36	35	37	36	36	36	36	35	36	35	34	34	35	28	35	36	35	34	34	35	
EPI_ISL_663883	17	33	27	35	34	30	24	33	34	32	33	32	35	27	32	36	34	26	22	33	27	32	32	34	34	28	28	34	36	34	36	27	22	32	32	26	26	32	33	32	33	30	22	30	31	28	31	2	14	3	17	3	2	2	0	3	3	25	11	3	3	3	2	6	0	4	8	3	4	13	0	9	16	11	2	8	12	0	33	35	34	33	35	34	34	34	34	33	34	33	32	32	33	26	33	34	33	32	32	33	
EPI_ISL_519816	17	33	27	35	34	30	24	33	34	32	33	32	35	27	32	36	34	26	22	33	27	32	32	34	34	28	28	34	36	34	36	27	22	32	32	26	26	32	33	32	33	30	22	30	31	28	31	2	14	3	17	3	2	2	4	3	3	25	11	3	3	3	2	2	4	0	8	3	4	13	4	9	16	11	2	8	12	4	33	35	34	33	35	34	34	34	34	33	34	33	32	32	33	26	33	34	33	32	32	33	
EPI_ISL_663553	9	25	19	27	26	22	16	25	26	24	25	24	27	19	24	28	26	18	14	25	19	24	24	26	26	20	20	26	28	26	28	19	14	24	24	18	18	24	25	24	25	24	14	24	25	20	25	6	6	7	9	7	6	6	8	7	7	17	3	7	7	7	6	10	8	8	0	7	8	7	8	1	8	3	6	0	6	8	25	27	26	25	27	26	26	26	26	25	26	25	24	24	25	18	25	26	25	24	24	25	
EPI_ISL_519243	16	32	26	34	33	29	23	32	33	31	32	31	34	26	31	35	33	25	21	32	26	31	31	33	33	27	27	33	35	33	35	26	21	31	31	25	25	31	32	31	32	29	21	29	30	27	30	1	13	2	16	2	1	1	3	0	2	24	10	0	2	0	1	5	3	3	7	0	3	12	3	8	15	10	1	7	11	3	32	34	33	32	34	33	33	33	33	32	33	32	31	31	32	25	32	33	32	31	31	32	
EPI_ISL_563202	17	33	27	35	34	30	24	33	34	32	33	32	35	27	32	36	34	26	22	33	27	32	32	34	34	28	28	34	36	34	36	27	22	32	32	26	26	32	33	32	33	30	22	30	31	28	31	2	14	3	17	3	2	2	4	3	3	25	11	3	3	3	2	6	4	4	8	3	0	13	4	9	16	11	2	8	12	4	33	35	34	33	35	34	34	34	34	33	34	33	32	32	33	26	33	34	33	32	32	33	
EPI_ISL_562996	16	32	26	34	31	29	23	32	33	31	32	31	34	26	31	35	31	25	21	32	26	31	31	33	33	27	27	33	35	33	35	26	21	31	31	25	25	31	32	31	32	31	21	31	32	27	32	11	13	10	16	10	11	11	13	12	10	24	8	12	12	12	11	15	13	13	7	12	13	0	13	6	13	10	11	7	11	13	30	32	31	32	34	31	31	31	31	30	31	30	29	29	30	25	32	33	32	31	31	32	
EPI_ISL_663808	17	33	27	35	34	30	24	33	34	32	33	32	35	27	32	36	34	26	22	33	27	32	32	34	34	28	28	34	36	34	36	27	22	32	32	26	26	32	33	32	33	30	22	30	31	28	31	2	14	3	17	3	2	2	0	3	3	25	11	3	3	3	2	6	0	4	8	3	4	13	0	9	16	11	2	8	12	0	33	35	34	33	35	34	34	34	34	33	34	33	32	32	33	26	33	34	33	32	32	33	
EPI_ISL_640854	10	26	20	28	27	23	17	26	27	25	26	25	28	20	25	29	27	19	15	26	20	25	25	27	27	21	21	27	29	27	29	20	15	25	25	19	19	25	26	25	26	25	15	25	26	21	26	7	7	6	10	6	7	7	9	8	6	18	2	8	8	8	7	11	9	9	1	8	9	6	9	0	9	4	7	1	7	9	26	28	27	26	28	27	27	27	27	26	27	26	25	25	26	19	26	27	26	25	25	26	
EPI_ISL_663938	17	33	27	35	32	30	24	33	34	32	33	32	35	27	32	36	34	26	22	33	27	32	32	34	34	28	28	34	36	34	36	27	22	32	32	26	26	32	33	32	33	32	22	32	33	28	33	14	14	15	17	15	14	14	16	15	15	25	11	15	15	15	14	18	16	16	8	15	16	13	16	9	0	11	14	8	14	16	33	35	34	31	33	34	34	34	34	33	34	33	32	32	33	26	31	32	31	30	30	31	
EPI_ISL_640583	12	28	22	30	29	25	19	28	29	27	28	27	30	22	27	31	29	21	17	28	22	27	27	29	29	23	23	29	31	29	31	22	17	27	27	21	21	27	28	27	28	27	17	27	28	23	28	9	9	10	12	10	9	9	11	10	10	20	6	10	10	10	9	13	11	11	3	10	11	10	11	4	11	0	9	3	9	11	28	30	29	28	30	29	29	29	29	28	29	28	27	27	28	21	28	29	28	27	27	28	
EPI_ISL_593356	15	31	25	33	32	28	22	31	32	30	31	30	33	25	30	34	32	24	20	31	25	30	30	32	32	26	26	32	34	32	34	25	20	30	30	24	24	30	31	30	31	28	20	28	29	26	29	0	12	1	15	1	0	0	2	1	1	23	9	1	1	1	0	4	2	2	6	1	2	11	2	7	14	9	0	6	10	2	31	33	32	31	33	32	32	32	32	31	32	31	30	30	31	24	31	32	31	30	30	31	
EPI_ISL_518431	9	25	19	27	26	22	16	25	26	24	25	24	27	19	24	28	26	18	14	25	19	24	24	26	26	20	20	26	28	26	28	19	14	24	24	18	18	24	25	24	25	24	14	24	25	20	25	6	6	7	9	7	6	6	8	7	7	17	3	7	7	7	6	10	8	8	0	7	8	7	8	1	8	3	6	0	6	8	25	27	26	25	27	26	26	26	26	25	26	25	24	24	25	18	25	26	25	24	24	25	
EPI_ISL_592430	15	31	25	33	30	28	22	31	32	30	29	30	33	25	30	34	22	24	20	31	25	30	30	32	30	26	26	32	34	32	34	25	20	30	30	24	24	30	31	30	31	30	20	30	31	26	31	10	10	11	15	11	10	10	12	11	11	23	9	11	11	11	10	14	12	12	6	11	12	11	12	7	14	9	10	6	0	12	21	23	22	31	33	22	22	22	22	21	22	21	20	20	21	24	31	32	31	30	30	31	
EPI_ISL_641149	17	33	27	35	34	30	24	33	34	32	33	32	35	27	32	36	34	26	22	33	27	32	32	34	34	28	28	34	36	34	36	27	22	32	32	26	26	32	33	32	33	30	22	30	31	28	31	2	14	3	17	3	2	2	0	3	3	25	11	3	3	3	2	6	0	4	8	3	4	13	0	9	16	11	2	8	12	0	33	35	34	33	35	34	34	34	34	33	34	33	32	32	33	26	33	34	33	32	32	33	
EPI_ISL_520970	16	32	26	34	31	29	23	32	33	31	30	31	34	26	31	35	23	25	21	32	26	31	31	33	31	27	27	33	35	33	35	26	21	31	31	25	25	31	32	31	32	31	21	31	32	27	32	31	29	32	34	32	31	31	33	32	32	34	28	32	32	32	31	35	33	33	25	32	33	30	33	26	33	28	31	25	21	33	0	4	3	14	14	3	3	3	3	2	3	2	1	1	2	25	32	33	32	31	31	32	
EPI_ISL_563119	18	34	28	36	33	31	25	34	35	33	32	33	36	28	33	37	25	27	23	34	28	33	33	35	33	29	29	35	37	35	37	28	23	33	33	27	27	33	34	33	34	33	23	33	34	29	34	33	31	34	36	34	33	33	35	34	34	36	30	34	34	34	33	37	35	35	27	34	35	32	35	28	35	30	33	27	23	35	4	0	5	14	16	3	5	5	3	4	5	2	3	3	2	27	34	35	34	33	33	34	
EPI_ISL_591854	17	33	27	35	32	30	24	33	34	32	31	32	35	27	32	36	24	26	22	33	27	32	32	34	32	28	28	34	36	34	36	27	22	32	32	26	26	32	33	32	33	32	22	32	33	28	33	32	30	33	35	33	32	32	34	33	33	35	29	33	33	33	32	36	34	34	26	33	34	31	34	27	34	29	32	26	22	34	3	5	0	15	15	4	0	0	4	3	0	3	2	2	3	26	33	34	33	32	32	33	
EPI_ISL_663594	16	32	26	34	31	29	23	32	33	31	30	31	34	26	31	35	33	25	21	32	26	31	31	33	31	27	27	33	35	33	35	26	21	31	31	25	25	31	32	31	32	31	21	31	32	27	32	31	29	32	34	32	31	31	33	32	32	34	28	32	32	32	31	35	33	33	25	32	33	32	33	26	31	28	31	25	31	33	14	14	15	0	6	13	15	15	13	14	15	12	13	13	12	25	20	21	20	19	19	20	
EPI_ISL_592285	18	34	28	36	33	31	25	34	35	33	32	33	36	28	33	37	35	27	23	34	28	33	33	35	33	29	29	35	37	35	37	28	23	33	33	27	27	33	34	33	34	33	23	33	34	29	34	33	31	34	36	34	33	33	35	34	34	36	30	34	34	34	33	37	35	35	27	34	35	34	35	28	33	30	33	27	33	35	14	16	15	6	0	15	15	15	15	14	15	14	13	13	14	27	24	25	24	23	23	24	
EPI_ISL_562858	17	33	27	35	32	30	24	33	34	32	31	32	35	27	32	36	24	26	22	33	27	32	32	34	32	28	28	34	36	34	36	27	22	32	32	26	26	32	33	32	33	32	22	32	33	28	33	32	30	33	35	33	32	32	34	33	33	35	29	33	33	33	32	36	34	34	26	33	34	31	34	27	34	29	32	26	22	34	3	3	4	13	15	0	4	4	2	3	4	1	2	2	1	26	33	34	33	32	32	33	
EPI_ISL_663801	17	33	27	35	32	30	24	33	34	32	31	32	35	27	32	36	24	26	22	33	27	32	32	34	32	28	28	34	36	34	36	27	22	32	32	26	26	32	33	32	33	32	22	32	33	28	33	32	30	33	35	33	32	32	34	33	33	35	29	33	33	33	32	36	34	34	26	33	34	31	34	27	34	29	32	26	22	34	3	5	0	15	15	4	0	0	4	3	0	3	2	2	3	26	33	34	33	32	32	33	
EPI_ISL_563222	17	33	27	35	32	30	24	33	34	32	31	32	35	27	32	36	24	26	22	33	27	32	32	34	32	28	28	34	36	34	36	27	22	32	32	26	26	32	33	32	33	32	22	32	33	28	33	32	30	33	35	33	32	32	34	33	33	35	29	33	33	33	32	36	34	34	26	33	34	31	34	27	34	29	32	26	22	34	3	5	0	15	15	4	0	0	4	3	0	3	2	2	3	26	33	34	33	32	32	33	
EPI_ISL_562766	17	33	27	35	32	30	24	33	34	32	31	32	35	27	32	36	24	26	22	33	27	32	32	34	32	28	28	34	36	34	36	27	22	32	32	26	26	32	33	32	33	32	22	32	33	28	33	32	30	33	35	33	32	32	34	33	33	35	29	33	33	33	32	36	34	34	26	33	34	31	34	27	34	29	32	26	22	34	3	3	4	13	15	2	4	4	0	3	4	1	2	2	1	26	33	34	33	32	32	33	
EPI_ISL_640867	16	32	26	34	31	29	23	32	33	31	30	31	34	26	31	35	23	25	21	32	26	31	31	33	31	27	27	33	35	33	35	26	21	31	31	25	25	31	32	31	32	31	21	31	32	27	32	31	29	32	34	32	31	31	33	32	32	34	28	32	32	32	31	35	33	33	25	32	33	30	33	26	33	28	31	25	21	33	2	4	3	14	14	3	3	3	3	0	3	2	1	1	2	25	32	33	32	31	31	32	
EPI_ISL_563853	17	33	27	35	32	30	24	33	34	32	31	32	35	27	32	36	24	26	22	33	27	32	32	34	32	28	28	34	36	34	36	27	22	32	32	26	26	32	33	32	33	32	22	32	33	28	33	32	30	33	35	33	32	32	34	33	33	35	29	33	33	33	32	36	34	34	26	33	34	31	34	27	34	29	32	26	22	34	3	5	0	15	15	4	0	0	4	3	0	3	2	2	3	26	33	34	33	32	32	33	
EPI_ISL_592320	16	32	26	34	31	29	23	32	33	31	30	31	34	26	31	35	23	25	21	32	26	31	31	33	31	27	27	33	35	33	35	26	21	31	31	25	25	31	32	31	32	31	21	31	32	27	32	31	29	32	34	32	31	31	33	32	32	34	28	32	32	32	31	35	33	33	25	32	33	30	33	26	33	28	31	25	21	33	2	2	3	12	14	1	3	3	1	2	3	0	1	1	0	25	32	33	32	31	31	32	
EPI_ISL_519636	15	31	25	33	30	28	22	31	32	30	29	30	33	25	30	34	22	24	20	31	25	30	30	32	30	26	26	32	34	32	34	25	20	30	30	24	24	30	31	30	31	30	20	30	31	26	31	30	28	31	33	31	30	30	32	31	31	33	27	31	31	31	30	34	32	32	24	31	32	29	32	25	32	27	30	24	20	32	1	3	2	13	13	2	2	2	2	1	2	1	0	0	1	24	31	32	31	30	30	31	
EPI_ISL_518913	15	31	25	33	30	28	22	31	32	30	29	30	33	25	30	34	22	24	20	31	25	30	30	32	30	26	26	32	34	32	34	25	20	30	30	24	24	30	31	30	31	30	20	30	31	26	31	30	28	31	33	31	30	30	32	31	31	33	27	31	31	31	30	34	32	32	24	31	32	29	32	25	32	27	30	24	20	32	1	3	2	13	13	2	2	2	2	1	2	1	0	0	1	24	31	32	31	30	30	31	
EPI_ISL_563348	16	32	26	34	31	29	23	32	33	31	30	31	34	26	31	35	23	25	21	32	26	31	31	33	31	27	27	33	35	33	35	26	21	31	31	25	25	31	32	31	32	31	21	31	32	27	32	31	29	32	34	32	31	31	33	32	32	34	28	32	32	32	31	35	33	33	25	32	33	30	33	26	33	28	31	25	21	33	2	2	3	12	14	1	3	3	1	2	3	0	1	1	0	25	32	33	32	31	31	32	
EPI_ISL_419757	9	25	19	27	26	22	16	25	26	24	25	24	27	19	24	28	26	18	14	25	19	24	24	26	26	20	20	26	28	26	28	19	14	24	24	18	18	24	25	24	25	24	14	24	25	20	25	24	24	25	27	25	24	24	26	25	25	27	21	25	25	25	24	28	26	26	18	25	26	25	26	19	26	21	24	18	24	26	25	27	26	25	27	26	26	26	26	25	26	25	24	24	25	0	25	26	25	24	24	25	
EPI_ISL_563251	16	32	26	34	31	29	23	32	33	31	30	31	34	26	31	35	33	25	21	32	26	31	31	33	31	27	27	33	35	33	35	26	21	31	31	25	25	31	32	31	32	31	21	31	32	27	32	31	29	32	34	32	31	31	33	32	32	34	28	32	32	32	31	35	33	33	25	32	33	32	33	26	31	28	31	25	31	33	32	34	33	20	24	33	33	33	33	32	33	32	31	31	32	25	0	3	2	1	1	2	
EPI_ISL_591852	17	33	27	35	32	30	24	33	34	32	31	32	35	27	32	36	34	26	22	33	27	32	32	34	32	28	28	34	36	34	36	27	22	32	32	26	26	32	33	32	33	32	22	32	33	28	33	32	30	33	35	33	32	32	34	33	33	35	29	33	33	33	32	36	34	34	26	33	34	33	34	27	32	29	32	26	32	34	33	35	34	21	25	34	34	34	34	33	34	33	32	32	33	26	3	0	3	2	2	3	
EPI_ISL_563490	16	32	26	34	31	29	23	32	33	31	30	31	34	26	31	35	33	25	21	32	26	31	31	33	31	27	27	33	35	33	35	26	21	31	31	25	25	31	32	31	32	31	21	31	32	27	32	31	29	32	34	32	31	31	33	32	32	34	28	32	32	32	31	35	33	33	25	32	33	32	33	26	31	28	31	25	31	33	32	34	33	20	24	33	33	33	33	32	33	32	31	31	32	25	2	3	0	1	1	0	
EPI_ISL_520624	15	31	25	33	30	28	22	31	32	30	29	30	33	25	30	34	32	24	20	31	25	30	30	32	30	26	26	32	34	32	34	25	20	30	30	24	24	30	31	30	31	30	20	30	31	26	31	30	28	31	33	31	30	30	32	31	31	33	27	31	31	31	30	34	32	32	24	31	32	31	32	25	30	27	30	24	30	32	31	33	32	19	23	32	32	32	32	31	32	31	30	30	31	24	1	2	1	0	0	1	
EPI_ISL_519632	15	31	25	33	30	28	22	31	32	30	29	30	33	25	30	34	32	24	20	31	25	30	30	32	30	26	26	32	34	32	34	25	20	30	30	24	24	30	31	30	31	30	20	30	31	26	31	30	28	31	33	31	30	30	32	31	31	33	27	31	31	31	30	34	32	32	24	31	32	31	32	25	30	27	30	24	30	32	31	33	32	19	23	32	32	32	32	31	32	31	30	30	31	24	1	2	1	0	0	1	
EPI_ISL_592059	16	32	26	34	31	29	23	32	33	31	30	31	34	26	31	35	33	25	21	32	26	31	31	33	31	27	27	33	35	33	35	26	21	31	31	25	25	31	32	31	32	31	21	31	32	27	32	31	29	32	34	32	31	31	33	32	32	34	28	32	32	32	31	35	33	33	25	32	33	32	33	26	31	28	31	25	31	33	32	34	33	20	24	33	33	33	33	32	33	32	31	31	32	25	2	3	0	1	1	0	
