#Dashing2 Asymmetric pairwise Output
#Dashing2Options: Dashing2Options;k:15;parsebyseq;trimchr;sketchsize:1024;sketchtype:orderminhash;Fastx;canon
#Sources	EPI_ISL_402125	EPI_ISL_527036	EPI_ISL_678363	EPI_ISL_639749	EPI_ISL_530237	EPI_ISL_562766	EPI_ISL_562776	EPI_ISL_562858	EPI_ISL_562996	EPI_ISL_563119	EPI_ISL_563202	EPI_ISL_563222	EPI_ISL_563251	EPI_ISL_563348	EPI_ISL_563361	EPI_ISL_563371	EPI_ISL_563394	EPI_ISL_640867	EPI_ISL_563490	EPI_ISL_591852	EPI_ISL_591853	EPI_ISL_591854	EPI_ISL_591856	EPI_ISL_592019	EPI_ISL_592059	EPI_ISL_592064	EPI_ISL_592072	EPI_ISL_640508	EPI_ISL_592205	EPI_ISL_563721	EPI_ISL_592235	EPI_ISL_592285	EPI_ISL_592320	EPI_ISL_592329	EPI_ISL_563853	EPI_ISL_563917	EPI_ISL_592399	EPI_ISL_592430	EPI_ISL_592501	EPI_ISL_592895	EPI_ISL_592908	EPI_ISL_593035	EPI_ISL_593164	EPI_ISL_593182	EPI_ISL_593356	EPI_ISL_593413	EPI_ISL_593419	EPI_ISL_641149	EPI_ISL_640583	EPI_ISL_640777	EPI_ISL_640854	EPI_ISL_641278	EPI_ISL_663553	EPI_ISL_663594	EPI_ISL_663765	EPI_ISL_663776	EPI_ISL_663777	EPI_ISL_663801	EPI_ISL_663808	EPI_ISL_663883	EPI_ISL_663938	EPI_ISL_663941	EPI_ISL_779467	EPI_ISL_779543	EPI_ISL_779546	EPI_ISL_779548	EPI_ISL_779601	EPI_ISL_779603	EPI_ISL_521525	EPI_ISL_521809	EPI_ISL_520955	EPI_ISL_520970	EPI_ISL_520511	EPI_ISL_419757	EPI_ISL_520624	EPI_ISL_519393	EPI_ISL_519418	EPI_ISL_519507	EPI_ISL_519632	EPI_ISL_519636	EPI_ISL_518911	EPI_ISL_518913	EPI_ISL_518914	EPI_ISL_518915	EPI_ISL_518930	EPI_ISL_518967	EPI_ISL_518968	EPI_ISL_519004	EPI_ISL_519185	EPI_ISL_519242	EPI_ISL_519243	EPI_ISL_519244	EPI_ISL_519245	EPI_ISL_519247	EPI_ISL_519321	EPI_ISL_519816	EPI_ISL_518394	EPI_ISL_518431	EPI_ISL_518508	EPI_ISL_518603
EPI_ISL_402125	0	135	138	17	21	120	269	115	137	132	129	130	128	126	173	319	131	126	124	114	115	116	423	216	121	398	186	326	123	347	406	145	116	362	122	175	121	146	352	129	362	341	174	124	116	366	206	117	296	128	351	244	316	146	135	124	131	125	125	131	171	355	138	138	137	140	404	148	66	83	124	115	124	14	112	120	115	117	117	122	126	124	120	116	115	115	123	125	117	126	116	115	120	117	116	117	119	260	115	135
EPI_ISL_527036	135	0	21	140	140	30	164	27	22	40	12	12	12	14	62	194	12	14	16	26	24	24	302	111	19	301	69	231	18	243	298	43	24	237	18	80	18	51	257	10	257	208	73	17	21	250	101	22	173	13	257	111	193	26	2	13	8	17	18	20	68	251	5	5	4	7	272	15	78	57	11	23	27	134	24	15	22	18	19	14	11	12	15	21	20	20	12	10	22	23	21	20	15	20	21	22	24	146	20	2
EPI_ISL_678363	138	21	0	143	143	49	183	46	41	59	31	31	29	33	81	213	31	33	35	45	43	43	320	130	38	320	88	250	37	261	316	62	43	256	37	99	37	70	274	29	276	225	86	36	40	268	120	41	190	32	275	128	212	45	21	32	25	36	37	39	87	269	22	22	21	24	288	32	83	72	30	42	46	137	43	34	41	37	38	33	30	31	34	40	39	39	31	29	41	42	40	39	34	39	40	41	43	164	39	19
EPI_ISL_639749	17	140	143	0	18	124	274	119	142	136	134	134	132	130	178	324	136	130	128	118	120	120	428	221	125	402	191	331	128	352	411	149	120	367	126	180	126	151	357	134	367	346	179	129	121	371	211	122	301	133	356	249	321	150	140	129	136	129	130	136	176	360	143	143	142	145	409	153	72	88	129	119	129	21	116	125	120	122	121	126	131	128	125	121	120	120	128	130	122	131	121	120	125	122	121	122	124	265	120	140
EPI_ISL_530237	21	140	143	18	0	125	274	120	142	137	134	135	133	131	178	324	136	131	129	119	120	121	428	221	126	402	191	331	128	352	411	150	121	367	127	180	126	151	357	134	367	346	179	129	121	371	211	122	301	133	356	249	321	151	140	129	136	130	130	136	176	360	143	143	142	145	409	153	72	88	129	120	129	29	117	125	120	122	122	127	131	129	125	121	120	120	128	130	122	131	121	120	125	122	121	122	124	265	120	140
EPI_ISL_562766	120	30	49	124	125	0	162	9	30	24	24	24	24	18	68	213	26	20	22	12	12	10	318	111	19	293	81	221	18	240	299	39	8	255	16	70	16	41	244	24	257	236	73	19	11	261	99	12	191	21	244	139	211	38	28	17	24	19	20	26	66	250	33	33	32	35	299	43	63	44	19	9	25	119	10	15	12	16	15	16	21	18	15	11	10	10	18	20	12	21	11	10	15	12	11	12	14	156	10	30
EPI_ISL_562776	269	164	183	274	274	162	0	159	174	172	168	172	172	166	212	348	160	168	170	160	158	158	386	245	167	147	138	221	152	375	434	187	156	397	164	214	160	185	388	158	391	370	207	153	155	396	233	156	335	165	389	273	355	186	162	161	168	167	164	170	210	385	167	167	166	169	434	177	212	191	161	157	161	268	158	149	156	152	163	164	155	166	149	155	154	154	152	162	156	157	155	154	149	154	155	156	158	300	154	164
EPI_ISL_562858	115	27	46	119	120	9	159	0	27	21	21	21	21	15	65	211	23	17	19	9	7	7	315	107	16	290	78	218	14	238	296	34	5	252	13	67	13	38	242	21	254	233	70	14	7	259	96	9	188	18	242	135	208	35	25	14	21	16	17	23	63	248	30	30	29	32	297	40	58	41	16	6	20	114	7	12	7	11	12	13	18	15	12	8	7	7	15	17	9	18	8	7	12	9	8	9	11	153	7	27
EPI_ISL_562996	137	22	41	142	142	30	174	27	0	40	16	20	20	14	44	206	24	16	18	28	26	26	314	123	21	305	73	233	30	253	288	45	24	226	20	81	20	53	256	22	248	207	65	29	23	262	111	24	162	13	257	130	182	14	20	13	16	19	20	12	70	263	25	25	24	27	292	35	80	59	15	25	39	136	26	27	26	30	21	16	23	14	27	23	22	22	24	14	24	35	23	22	27	24	23	24	26	148	22	22
EPI_ISL_563119	132	40	59	136	137	24	172	21	40	0	34	34	34	28	78	197	36	30	32	22	24	20	328	114	29	296	91	224	28	224	283	42	18	258	26	80	26	44	228	34	242	246	56	29	21	245	82	22	200	31	228	149	221	48	38	27	34	29	30	36	49	234	42	43	42	45	283	53	75	54	29	19	37	131	20	25	24	28	25	26	31	28	25	21	20	20	28	30	22	32	21	20	25	22	21	22	24	146	20	40
EPI_ISL_563202	129	12	31	134	134	24	168	21	16	34	0	10	12	8	56	198	16	8	10	20	18	18	306	115	13	297	73	225	22	247	302	37	18	239	12	74	12	45	251	14	261	218	77	21	15	254	105	16	173	7	251	121	193	26	12	7	8	11	12	14	62	255	15	15	14	17	282	25	72	51	7	17	31	128	18	19	18	22	13	8	15	6	19	15	14	14	16	6	16	27	15	14	19	16	15	16	18	140	14	12
EPI_ISL_563222	130	12	31	134	135	24	172	21	20	34	10	0	8	8	56	198	16	8	10	20	22	14	306	119	13	301	77	225	26	251	306	33	18	239	8	78	12	49	255	14	261	214	81	21	19	254	109	16	169	11	255	117	189	22	12	11	8	7	12	14	62	259	15	11	10	13	278	21	73	52	11	17	35	129	18	23	22	26	13	8	19	6	23	19	18	18	20	10	20	31	19	18	23	20	19	20	22	144	18	12
EPI_ISL_563251	128	12	29	132	133	24	172	21	20	34	12	8	0	8	62	204	22	10	8	18	24	20	312	121	11	303	79	231	28	251	306	39	18	237	14	80	18	51	255	20	267	216	83	27	21	260	109	22	171	11	255	119	193	20	10	11	4	13	18	20	68	261	13	13	12	15	280	23	71	50	13	19	37	127	16	25	24	28	11	10	21	8	25	21	20	20	22	12	22	33	21	20	25	22	21	22	24	146	20	10
EPI_ISL_563348	126	14	33	130	131	18	166	15	14	28	8	8	8	0	56	198	16	4	6	16	18	14	306	115	9	297	73	225	22	245	300	33	12	239	8	74	12	45	249	14	261	220	77	21	15	254	103	16	175	5	249	123	195	22	12	5	8	7	12	14	62	255	17	17	16	19	284	27	69	48	7	13	31	125	14	19	18	22	9	4	15	2	19	15	14	14	16	6	16	27	15	14	19	16	15	16	18	140	14	14
EPI_ISL_563361	173	62	81	178	178	68	212	65	44	78	56	56	62	56	0	242	56	56	58	64	62	58	346	159	57	341	101	265	66	291	268	77	62	197	52	118	52	89	294	54	209	172	85	61	59	294	149	56	127	55	295	135	153	42	62	51	58	51	52	42	102	299	65	61	60	63	328	69	116	95	51	61	75	172	62	63	62	66	57	52	59	54	63	59	58	58	60	52	60	71	59	58	63	60	59	60	62	188	58	62
EPI_ISL_563371	319	194	213	324	324	213	348	211	206	197	198	198	204	198	242	0	188	198	200	210	208	204	472	119	203	425	253	291	202	71	114	177	208	369	198	264	198	175	214	190	345	396	191	197	205	60	117	202	361	197	71	299	381	218	194	197	200	197	198	200	150	65	196	193	192	191	90	203	262	241	195	207	211	318	208	199	206	202	203	198	195	196	199	205	204	204	196	194	204	196	205	204	199	204	205	206	208	154	204	194
EPI_ISL_563394	131	12	31	136	136	26	160	23	24	36	16	16	22	16	56	188	0	16	18	22	20	16	296	107	15	297	65	223	14	239	294	35	20	247	10	76	10	47	253	2	249	214	69	9	17	242	97	14	179	15	253	117	199	36	12	11	18	11	10	14	60	247	15	11	10	9	278	21	74	53	9	19	23	130	20	11	18	14	15	12	7	14	11	17	16	16	8	10	18	19	17	16	11	16	17	18	20	148	16	12
EPI_ISL_640867	126	14	33	130	131	20	168	17	16	30	8	8	10	4	56	198	16	0	6	16	18	14	306	115	9	297	73	225	22	247	302	33	14	241	8	74	12	45	251	14	261	220	77	21	15	254	105	16	175	7	251	123	195	24	14	7	10	7	12	14	62	255	17	17	16	19	284	27	69	48	7	13	31	125	14	19	18	22	9	4	15	2	19	15	14	14	16	6	16	27	15	14	19	16	15	16	18	140	14	14
EPI_ISL_563490	124	16	35	128	129	22	170	19	18	32	10	10	8	6	58	200	18	6	0	14	18	16	308	115	5	297	75	227	22	249	304	35	16	243	10	76	14	47	253	16	263	222	79	23	17	256	107	18	177	9	253	125	197	26	16	9	12	9	14	16	64	255	19	19	18	21	286	29	67	46	9	15	33	123	12	21	20	24	7	6	15	4	21	15	16	16	18	8	16	27	15	16	21	16	17	18	20	142	16	16
EPI_ISL_591852	114	26	45	118	119	12	160	9	28	22	20	20	18	16	64	210	22	16	14	0	10	6	314	107	11	289	77	217	14	239	298	35	6	253	12	66	12	37	243	20	253	232	69	15	7	258	97	8	187	19	243	135	207	36	26	15	22	15	16	22	62	247	29	29	28	31	296	39	57	36	15	5	23	113	2	11	10	14	7	12	17	14	11	7	6	6	14	16	8	19	7	6	11	8	7	8	10	152	6	26
EPI_ISL_591853	115	24	43	120	120	12	158	7	26	24	18	22	24	18	62	208	20	18	18	10	0	8	312	103	15	285	75	215	10	237	296	37	8	251	14	64	10	35	241	18	251	230	67	13	5	256	95	6	185	17	241	133	205	38	24	13	20	17	14	20	60	243	27	27	26	29	294	37	58	41	13	7	17	114	8	9	4	8	13	14	13	16	9	3	4	4	12	14	4	13	3	4	9	4	5	6	8	150	4	24
EPI_ISL_591854	116	24	43	120	121	10	158	7	26	20	18	14	20	14	58	204	16	14	16	6	8	0	308	105	13	287	75	211	12	237	296	29	4	251	6	64	6	35	241	14	247	226	67	9	5	252	95	2	181	17	241	129	201	34	24	13	20	9	10	16	56	245	27	23	22	25	290	33	59	38	13	3	21	115	4	9	8	12	9	10	15	12	9	5	4	4	12	14	6	17	5	4	9	6	5	6	8	150	4	24
EPI_ISL_591856	423	302	320	428	428	318	386	315	314	328	306	306	312	306	346	472	296	306	308	314	312	308	0	389	307	512	357	438	306	531	576	327	312	527	302	368	302	329	534	294	533	504	351	301	309	524	379	306	469	305	535	407	489	326	302	301	308	301	302	304	342	529	305	301	300	303	558	311	366	345	299	311	315	422	312	303	310	306	307	302	299	304	303	309	308	308	300	300	310	301	309	308	303	308	309	310	312	416	308	302
EPI_ISL_592019	216	111	130	221	221	111	245	107	123	114	115	119	121	115	159	119	107	115	115	107	103	105	389	0	112	320	162	192	95	156	199	87	105	286	111	161	107	72	156	105	264	317	108	99	100	161	38	103	282	114	156	218	302	135	111	110	117	114	111	117	83	148	114	114	113	116	199	124	159	138	108	104	108	215	105	96	103	99	110	111	100	113	96	100	101	101	99	109	99	92	100	101	96	99	102	103	105	243	101	111
EPI_ISL_592059	121	19	38	125	126	19	167	16	21	29	13	13	11	9	57	203	15	9	5	11	15	13	307	112	0	294	72	224	19	246	301	32	13	246	7	73	11	44	250	13	260	225	76	20	14	253	104	15	180	12	250	128	200	29	19	8	15	8	11	15	61	252	22	22	21	24	289	32	64	43	8	12	30	120	9	18	17	21	4	5	12	7	18	12	13	13	15	9	13	24	12	13	18	13	14	15	17	145	13	19
EPI_ISL_592064	398	301	320	402	402	293	147	290	305	296	297	301	303	297	341	425	297	297	297	289	285	287	512	320	294	0	279	160	287	468	513	270	287	468	293	343	289	254	457	295	470	507	298	290	284	473	312	285	464	296	460	410	484	317	301	292	299	296	293	299	279	460	304	304	303	306	511	314	341	320	290	286	298	397	287	286	285	289	292	293	290	295	286	282	283	283	289	291	283	282	282	283	286	281	284	285	287	429	283	301
EPI_ISL_592072	186	69	88	191	191	81	138	78	73	91	73	77	79	73	101	253	65	73	75	77	75	75	357	162	72	279	0	226	69	294	313	94	75	266	69	131	69	102	307	63	280	237	112	68	72	301	152	73	202	72	308	178	250	85	69	68	75	72	69	65	119	302	72	72	71	74	339	82	129	108	66	74	78	185	75	66	73	69	70	69	62	71	66	72	71	71	63	67	73	74	72	71	66	71	72	73	75	205	71	69
EPI_ISL_640508	326	231	250	331	331	221	221	218	233	224	225	225	231	225	265	291	223	225	227	217	215	211	438	192	224	160	226	0	219	338	383	194	215	398	217	271	213	182	327	221	380	433	228	216	212	339	182	209	388	224	328	336	408	245	231	220	227	220	217	223	189	332	234	228	229	232	377	240	269	248	220	214	228	325	215	216	215	219	220	221	222	223	216	212	211	211	219	221	211	214	212	211	216	213	212	213	215	357	211	231
EPI_ISL_592205	123	18	37	128	128	18	152	14	30	28	22	26	28	22	66	202	14	22	22	14	10	12	306	95	19	287	69	219	0	231	288	40	12	253	18	68	14	39	245	12	245	224	61	6	7	250	89	10	189	21	245	125	209	42	18	17	24	21	18	24	64	237	21	21	20	23	288	31	66	45	15	11	15	122	12	3	10	6	17	18	7	20	3	7	8	8	6	16	8	9	7	8	3	6	9	10	12	154	8	18
EPI_ISL_563721	347	243	261	352	352	240	375	238	253	224	247	251	251	245	291	71	239	247	249	239	237	237	531	156	246	468	294	338	231	0	61	220	235	430	243	293	239	218	185	237	390	449	234	232	234	21	158	235	414	244	14	352	434	265	241	240	247	246	243	249	205	10	245	246	245	248	59	256	290	270	240	236	240	346	237	228	235	231	242	243	234	245	228	234	233	233	231	241	233	235	234	233	228	233	234	235	237	129	233	243
EPI_ISL_592235	406	298	316	411	411	299	434	296	288	283	302	306	306	300	268	114	294	302	304	298	296	296	576	199	301	513	313	383	288	61	0	274	294	373	298	352	294	263	229	292	347	406	243	288	291	64	203	294	371	299	61	387	417	286	296	295	302	301	298	292	248	57	300	301	300	303	102	311	349	329	295	295	299	405	296	287	294	290	297	298	289	300	287	293	292	292	286	296	292	284	293	292	287	292	293	294	296	184	292	298
EPI_ISL_592285	145	43	62	149	150	39	187	34	45	42	37	33	39	33	77	177	35	33	35	35	37	29	327	87	32	270	94	194	40	220	274	0	33	224	25	93	27	18	224	33	230	245	64	34	33	225	78	31	200	36	224	147	220	53	43	32	39	28	29	35	31	228	46	42	41	44	263	52	88	67	32	32	50	144	33	38	37	41	28	29	34	31	38	34	33	33	35	33	35	46	34	33	38	35	34	35	37	169	33	43
EPI_ISL_592320	116	24	43	120	121	8	156	5	24	18	18	18	18	12	62	208	20	14	16	6	8	4	312	105	13	287	75	215	12	235	294	33	0	249	10	64	10	35	239	18	251	230	67	13	5	256	93	6	185	15	239	133	205	32	22	11	18	13	14	20	60	245	27	27	26	29	294	37	59	38	13	3	21	115	4	9	8	12	9	10	15	12	9	5	4	4	12	14	6	17	5	4	9	6	5	6	8	150	4	24
EPI_ISL_592329	362	237	256	367	367	255	397	252	226	258	239	239	237	239	197	369	247	241	243	253	251	251	527	286	246	468	266	398	253	430	373	224	249	0	245	187	245	218	421	245	46	45	226	252	248	425	274	249	86	238	422	178	50	217	235	238	233	244	245	235	235	426	240	240	239	242	447	250	305	284	238	250	262	361	251	250	249	253	246	241	246	239	250	248	247	247	247	237	249	248	248	247	250	247	248	249	251	373	247	237
EPI_ISL_563853	122	18	37	126	127	16	164	13	20	26	12	8	14	8	52	198	10	8	10	12	14	6	302	111	7	293	69	217	18	243	298	25	10	245	0	70	4	41	247	8	253	220	73	13	11	246	101	8	175	11	247	123	195	28	18	7	14	3	4	10	54	251	21	17	16	19	284	27	65	44	7	9	27	121	10	15	14	18	5	4	11	6	15	11	10	10	12	8	12	23	11	10	15	12	11	12	14	144	10	18
EPI_ISL_563917	175	80	99	180	180	70	214	67	81	80	74	78	80	74	118	264	76	74	76	66	64	64	368	161	73	343	131	271	68	293	352	93	64	187	70	0	66	91	297	74	187	166	123	69	61	312	151	62	121	73	297	127	141	94	80	69	76	73	70	76	116	301	83	83	82	85	350	93	118	97	69	63	77	174	64	65	64	68	69	70	71	72	65	61	60	60	68	70	62	73	61	60	65	62	61	62	64	206	60	80
EPI_ISL_592399	121	18	37	126	126	16	160	13	20	26	12	12	18	12	52	198	10	12	14	12	10	6	302	107	11	289	69	213	14	239	294	27	10	245	4	66	0	37	243	8	249	220	69	9	7	246	97	4	175	11	243	123	195	32	18	7	14	7	4	10	50	247	21	17	16	19	284	27	64	43	7	9	23	120	10	11	10	14	7	8	9	10	11	7	6	6	8	8	8	19	7	6	11	8	7	8	10	144	6	18
EPI_ISL_592430	146	51	70	151	151	41	185	38	53	44	45	49	51	45	89	175	47	45	47	37	35	35	329	72	44	254	102	182	39	218	263	18	35	218	41	91	37	0	208	45	220	257	48	40	32	223	62	33	212	44	208	160	232	65	51	40	47	44	41	47	27	212	54	54	53	56	261	64	89	68	40	34	48	145	35	36	35	39	40	41	42	43	36	32	31	31	39	41	33	34	32	31	36	33	32	33	35	177	31	51
EPI_ISL_592501	352	257	274	357	357	244	388	242	256	228	251	255	255	249	294	214	253	251	253	243	241	241	534	156	250	457	307	327	245	185	229	224	239	421	247	297	243	208	0	251	391	462	233	246	238	192	158	239	417	248	175	366	437	268	255	244	251	250	247	252	197	181	259	260	259	262	230	270	295	274	246	240	254	351	241	242	241	245	246	247	248	249	242	238	237	237	245	247	237	239	238	237	242	239	238	239	241	294	237	257
EPI_ISL_592895	129	10	29	134	134	24	158	21	22	34	14	14	20	14	54	190	2	14	16	20	18	14	294	105	13	295	63	221	12	237	292	33	18	245	8	74	8	45	251	0	247	212	67	7	15	240	95	12	177	13	251	115	197	34	10	9	16	9	8	12	58	245	13	9	8	11	276	19	72	51	7	17	21	128	18	9	16	12	13	10	5	12	9	15	14	14	6	8	16	17	15	14	9	14	15	16	18	146	14	10
EPI_ISL_592908	362	257	276	367	367	257	391	254	248	242	261	261	267	261	209	345	249	261	263	253	251	247	533	264	260	470	280	380	245	390	347	230	251	46	253	187	249	220	391	247	0	71	202	242	248	393	236	245	120	260	392	194	74	247	257	256	263	256	253	247	209	386	259	256	255	258	431	266	305	284	254	250	254	361	251	242	249	245	256	257	248	259	242	248	247	247	245	255	249	241	248	247	242	247	248	249	251	375	247	257
EPI_ISL_593035	341	208	225	346	346	236	370	233	207	246	218	214	216	220	172	396	214	220	222	232	230	226	504	317	225	507	237	433	224	449	406	245	230	45	220	166	220	257	462	212	71	0	243	219	227	452	307	224	59	219	463	137	25	198	208	219	212	219	220	210	270	457	209	205	204	207	472	215	284	263	217	229	233	340	230	221	228	224	225	220	217	218	221	227	226	226	218	216	228	229	227	226	221	226	227	228	230	352	226	206
EPI_ISL_593164	174	73	86	179	179	73	207	70	65	56	77	81	83	77	85	191	69	77	79	69	67	67	351	108	76	298	112	228	61	234	243	64	67	226	73	123	69	48	233	67	202	243	0	62	64	239	78	65	208	76	234	176	230	65	73	72	79	76	73	67	53	228	75	76	75	78	277	86	117	96	70	66	70	173	67	58	65	61	72	73	64	75	58	64	63	63	61	71	65	55	64	63	58	63	64	65	67	189	63	73
EPI_ISL_593182	124	17	36	129	129	19	153	14	29	29	21	21	27	21	61	197	9	21	23	15	13	9	301	99	20	290	68	216	6	232	288	34	13	252	13	69	9	40	246	7	242	219	62	0	9	245	90	7	184	20	246	121	204	41	17	16	23	16	13	19	59	240	20	16	15	18	283	26	67	46	14	12	16	123	13	4	11	7	16	17	8	19	4	10	9	9	5	15	11	12	10	9	4	9	10	11	13	153	9	17
EPI_ISL_593356	116	21	40	121	121	11	155	7	23	21	15	19	21	15	59	205	17	15	17	7	5	5	309	100	14	284	72	212	7	234	291	33	5	248	11	61	7	32	238	15	248	227	64	9	0	253	92	3	182	14	238	128	202	35	21	10	17	14	11	17	57	242	24	24	23	26	291	34	59	38	10	4	18	115	5	6	5	9	10	11	12	13	6	2	1	1	9	11	3	14	2	1	6	3	2	3	5	147	1	21
EPI_ISL_593413	366	250	268	371	371	261	396	259	262	245	254	254	260	254	294	60	242	254	256	258	256	252	524	161	253	473	301	339	250	21	64	225	256	425	246	312	246	223	192	240	393	452	239	245	253	0	165	250	417	253	17	355	437	274	250	249	256	249	246	252	198	15	252	249	248	251	44	259	309	289	247	255	259	365	256	247	254	250	251	250	243	252	247	253	252	252	244	248	252	244	253	252	247	252	253	254	256	136	252	250
EPI_ISL_593419	206	101	120	211	211	99	233	96	111	82	105	109	109	103	149	117	97	105	107	97	95	95	379	38	104	312	152	182	89	158	203	78	93	274	101	151	97	62	158	95	236	307	78	90	92	165	0	93	272	102	158	210	292	123	99	98	105	104	101	107	51	154	103	104	103	106	203	114	149	128	98	94	98	205	95	86	93	89	100	101	92	103	86	92	91	91	89	99	91	83	92	91	86	91	92	93	95	213	91	101
EPI_ISL_641149	117	22	41	122	122	12	156	9	24	22	16	16	22	16	56	202	14	16	18	8	6	2	306	103	15	285	73	209	10	235	294	31	6	249	8	62	4	33	239	12	245	224	65	7	3	250	93	0	179	15	239	127	199	36	22	11	18	11	8	14	54	243	25	21	20	23	288	31	60	39	11	5	19	116	6	7	6	10	11	12	13	14	7	3	2	2	10	12	4	15	3	2	7	4	3	4	6	148	2	22
EPI_ISL_640583	296	173	190	301	301	191	335	188	162	200	173	169	171	175	127	361	179	175	177	187	185	181	469	282	180	464	202	388	189	414	371	200	185	86	175	121	175	212	417	177	120	59	208	184	182	417	272	179	0	174	418	160	64	153	173	174	167	174	175	165	225	422	174	170	169	172	437	180	239	218	174	184	198	295	185	186	185	189	180	175	182	173	186	182	181	181	183	173	183	194	182	181	186	183	182	183	185	307	181	171
EPI_ISL_640777	128	13	32	133	133	21	165	18	13	31	7	11	11	5	55	197	15	7	9	19	17	17	305	114	12	296	72	224	21	244	299	36	15	238	11	73	11	44	248	13	260	219	76	20	14	253	102	15	174	0	248	122	194	25	11	4	7	10	11	13	61	254	16	16	15	18	283	26	71	50	6	16	30	127	17	18	17	21	12	7	14	5	18	14	13	13	15	5	15	26	14	13	18	15	14	15	17	139	13	13
EPI_ISL_640854	351	257	275	356	356	244	389	242	257	228	251	255	255	249	295	71	253	251	253	243	241	241	535	156	250	460	308	328	245	14	61	224	239	422	247	297	243	208	175	251	392	463	234	246	238	17	158	239	418	248	0	366	438	269	255	244	251	250	247	253	195	10	259	260	259	262	55	270	294	274	246	240	254	350	241	242	241	245	246	247	248	249	242	238	237	237	245	247	237	239	238	237	242	239	238	239	241	133	237	257
EPI_ISL_641278	244	111	128	249	249	139	273	135	130	149	121	117	119	123	135	299	117	123	125	135	133	129	407	218	128	410	178	336	125	352	387	147	133	178	123	127	123	160	366	115	194	137	176	121	128	355	210	127	160	122	366	0	130	127	111	122	115	122	123	125	173	360	112	108	107	110	375	118	187	166	120	132	136	243	133	124	131	127	128	123	120	121	124	130	129	129	121	119	131	132	130	129	124	129	130	131	133	255	129	109
EPI_ISL_663553	316	193	212	321	321	211	355	208	182	221	193	189	193	195	153	381	199	195	197	207	205	201	489	302	200	484	250	408	209	434	417	220	205	50	195	141	195	232	437	197	74	25	230	204	202	437	292	199	64	194	438	130	0	173	193	194	189	194	195	185	245	442	196	192	191	194	459	202	259	238	194	204	218	315	205	206	205	209	200	195	202	193	206	202	201	201	203	193	203	214	202	201	206	203	202	203	205	327	201	193
EPI_ISL_663594	146	26	45	150	151	38	186	35	14	48	26	22	20	22	42	218	36	24	26	36	38	34	326	135	29	317	85	245	42	265	286	53	32	217	28	94	32	65	268	34	247	198	65	41	35	274	123	36	153	25	269	127	173	0	24	25	20	27	32	24	82	275	29	29	28	31	296	39	89	68	27	33	51	145	34	39	38	42	29	24	35	22	39	35	34	34	36	26	36	47	35	34	39	36	35	36	38	160	34	26
EPI_ISL_663765	135	2	21	140	140	28	162	25	20	38	12	12	10	12	62	194	12	14	16	26	24	24	302	111	19	301	69	231	18	241	296	43	22	235	18	80	18	51	255	10	257	208	73	17	21	250	99	22	173	11	255	111	193	24	0	11	6	17	18	20	68	251	5	5	4	7	272	15	78	57	11	23	27	134	24	15	22	18	19	14	11	12	15	21	20	20	12	10	22	23	21	20	15	20	21	22	24	146	20	2
EPI_ISL_663776	124	13	32	129	129	17	161	14	13	27	7	11	11	5	51	197	11	7	9	15	13	13	301	110	8	292	68	220	17	240	295	32	11	238	7	69	7	40	244	9	256	219	72	16	10	249	98	11	174	4	244	122	194	25	11	0	7	6	7	9	57	250	16	16	15	18	283	26	67	46	2	12	26	123	13	14	13	17	8	3	10	5	14	10	9	9	11	3	11	22	10	9	14	11	10	11	13	139	9	13
EPI_ISL_663777	131	8	25	136	136	24	168	21	16	34	8	8	4	8	58	200	18	10	12	22	20	20	308	117	15	299	75	227	24	247	302	39	18	233	14	76	14	47	251	16	263	212	79	23	17	256	105	18	167	7	251	115	189	20	6	7	0	13	14	16	64	257	9	9	8	11	276	19	74	53	9	19	33	130	20	21	20	24	15	10	17	8	21	17	16	16	18	8	18	29	17	16	21	18	17	18	20	142	16	6
EPI_ISL_663801	125	17	36	129	130	19	167	16	19	29	11	7	13	7	51	197	11	7	9	15	17	9	301	114	8	296	72	220	21	246	301	28	13	244	3	73	7	44	250	9	256	219	76	16	14	249	104	11	174	10	250	122	194	27	17	6	13	0	7	9	57	254	20	16	15	18	283	26	68	47	6	12	30	124	13	18	17	21	8	3	14	5	18	14	13	13	15	7	15	26	14	13	18	15	14	15	17	143	13	17
EPI_ISL_663808	125	18	37	130	130	20	164	17	20	30	12	12	18	12	52	198	10	12	14	16	14	10	302	111	11	293	69	217	18	243	298	29	14	245	4	70	4	41	247	8	253	220	73	13	11	246	101	8	175	11	247	123	195	32	18	7	14	7	0	10	54	251	21	17	16	19	284	27	68	47	7	13	27	124	14	15	14	18	9	8	11	10	15	11	10	10	12	8	12	23	11	10	15	12	11	12	14	144	10	18
EPI_ISL_663883	131	20	39	136	136	26	170	23	12	36	14	14	20	14	42	200	14	14	16	22	20	16	304	117	15	299	65	223	24	249	292	35	20	235	10	76	10	47	252	12	247	210	67	19	17	252	107	14	165	13	253	125	185	24	20	9	16	9	10	0	60	257	23	19	18	21	286	29	74	53	9	19	33	130	20	21	20	24	15	10	17	12	21	17	16	16	18	10	18	29	17	16	21	18	17	18	20	146	16	20
EPI_ISL_663938	171	68	87	176	176	66	210	63	70	49	62	62	68	62	102	150	60	62	64	62	60	56	342	83	61	279	119	189	64	205	248	31	60	235	54	116	50	27	197	58	209	270	53	59	57	198	51	54	225	61	195	173	245	82	68	57	64	57	54	60	0	199	70	67	66	69	234	77	114	93	57	59	73	170	60	61	60	64	57	58	59	60	61	57	56	56	58	58	58	58	57	56	61	58	57	58	60	172	56	68
EPI_ISL_663941	355	251	269	360	360	250	385	248	263	234	255	259	261	255	299	65	247	255	255	247	243	245	529	148	252	460	302	332	237	10	57	228	245	426	251	301	247	212	181	245	386	457	228	240	242	15	154	243	422	254	10	360	442	275	251	250	257	254	251	257	199	0	253	254	253	256	53	264	298	278	248	244	248	354	245	236	243	239	250	251	240	253	236	240	241	241	239	249	239	231	240	241	236	239	242	243	245	137	241	251
EPI_ISL_779467	138	5	22	143	143	33	167	30	25	42	15	15	13	17	65	196	15	17	19	29	27	27	305	114	22	304	72	234	21	245	300	46	27	240	21	83	21	54	259	13	259	209	75	20	24	252	103	25	174	16	259	112	196	29	5	16	9	20	21	23	70	253	0	6	5	8	272	16	81	60	14	26	30	137	27	18	25	21	22	17	14	15	18	24	23	23	15	13	25	26	24	23	18	23	24	25	27	148	23	3
EPI_ISL_779543	138	5	22	143	143	33	167	30	25	43	15	11	13	17	61	193	11	17	19	29	27	23	301	114	22	304	72	228	21	246	301	42	27	240	17	83	17	54	260	9	256	205	76	16	24	249	104	21	170	16	260	108	192	29	5	16	9	16	17	19	67	254	6	0	1	4	269	12	81	60	14	26	30	137	27	18	25	21	22	17	14	15	18	24	23	23	15	13	25	26	24	23	18	23	24	25	27	149	23	3
EPI_ISL_779546	137	4	21	142	142	32	166	29	24	42	14	10	12	16	60	192	10	16	18	28	26	22	300	113	21	303	71	229	20	245	300	41	26	239	16	82	16	53	259	8	255	204	75	15	23	248	103	20	169	15	259	107	191	28	4	15	8	15	16	18	66	253	5	1	0	3	268	11	80	59	13	25	29	136	26	17	24	20	21	16	13	14	17	23	22	22	14	12	24	25	23	22	17	22	23	24	26	148	22	2
EPI_ISL_779548	140	7	24	145	145	35	169	32	27	45	17	13	15	19	63	191	9	19	21	31	29	25	303	116	24	306	74	232	23	248	303	44	29	242	19	85	19	56	262	11	258	207	78	18	26	251	106	23	172	18	262	110	194	31	7	18	11	18	19	21	69	256	8	4	3	0	271	14	83	62	16	28	32	139	29	20	27	23	24	19	16	17	20	26	25	25	17	15	27	28	26	25	20	25	26	27	29	151	25	5
EPI_ISL_779601	404	272	288	409	409	299	434	297	292	283	282	278	280	284	328	90	278	284	286	296	294	290	558	199	289	511	339	377	288	59	102	263	294	447	284	350	284	261	230	276	431	472	277	283	291	44	203	288	437	283	55	375	459	296	272	283	276	283	284	286	234	53	272	269	268	271	0	279	347	327	281	293	297	403	294	285	292	288	289	284	281	282	285	291	290	290	282	280	290	282	291	290	285	290	291	292	294	166	290	270
EPI_ISL_779603	148	15	32	153	153	43	177	40	35	53	25	21	23	27	69	203	21	27	29	39	37	33	311	124	32	314	82	240	31	256	311	52	37	250	27	93	27	64	270	19	266	215	86	26	34	259	114	31	180	26	270	118	202	39	15	26	19	26	27	29	77	264	16	12	11	14	279	0	91	70	24	36	40	147	37	28	35	31	32	27	24	25	28	34	33	33	25	23	35	36	34	33	28	33	34	35	37	159	33	13
EPI_ISL_521525	66	78	83	72	72	63	212	58	80	75	72	73	71	69	116	262	74	69	67	57	58	59	366	159	64	341	129	269	66	290	349	88	59	305	65	118	64	89	295	72	305	284	117	67	59	309	149	60	239	71	294	187	259	89	78	67	74	68	68	74	114	298	81	81	80	83	347	91	0	26	67	58	69	66	55	63	58	60	60	65	69	67	63	59	58	58	66	68	60	69	59	58	63	60	59	60	62	203	58	78
EPI_ISL_521809	83	57	72	88	88	44	191	41	59	54	51	52	50	48	95	241	53	48	46	36	41	38	345	138	43	320	108	248	45	270	329	67	38	284	44	97	43	68	274	51	284	263	96	46	38	289	128	39	218	50	274	166	238	68	57	46	53	47	47	53	93	278	60	60	59	62	327	70	26	0	46	37	54	81	34	42	41	45	39	44	48	46	42	38	37	37	45	47	39	50	38	37	42	39	38	39	41	183	37	57
EPI_ISL_520955	124	11	30	129	129	19	161	16	15	29	7	11	13	7	51	195	9	7	9	15	13	13	299	108	8	290	66	220	15	240	295	32	13	238	7	69	7	40	246	7	254	217	70	14	10	247	98	11	174	6	246	120	194	27	11	2	9	6	7	9	57	248	14	14	13	16	281	24	67	46	0	12	24	123	13	12	11	15	8	3	8	5	12	10	9	9	9	1	11	20	10	9	12	9	10	11	13	139	9	11
EPI_ISL_520970	115	23	42	119	120	9	157	6	25	19	17	17	19	13	61	207	19	13	15	5	7	3	311	104	12	286	74	214	11	236	295	32	3	250	9	63	9	34	240	17	250	229	66	12	4	255	94	5	184	16	240	132	204	33	23	12	19	12	13	19	59	244	26	26	25	28	293	36	58	37	12	0	20	114	3	8	5	11	8	9	14	11	8	4	3	3	11	13	5	16	4	3	8	5	4	5	7	149	3	23
EPI_ISL_520511	124	27	46	129	129	25	161	20	39	37	31	35	37	31	75	211	23	31	33	23	17	21	315	108	30	298	78	228	15	240	299	50	21	262	27	77	23	48	254	21	254	233	70	16	18	259	98	19	198	30	254	136	218	51	27	26	33	30	27	33	73	248	30	30	29	32	297	40	69	54	24	20	0	123	21	12	15	9	26	27	18	29	12	18	17	17	15	25	19	18	18	17	12	17	18	19	21	163	17	27
EPI_ISL_419757	14	134	137	21	29	119	268	114	136	131	128	129	127	125	172	318	130	125	123	113	114	115	422	215	120	397	185	325	122	346	405	144	115	361	121	174	120	145	351	128	361	340	173	123	115	365	205	116	295	127	350	243	315	145	134	123	130	124	124	130	170	354	137	137	136	139	403	147	66	81	123	114	123	0	111	119	114	116	116	121	125	123	119	115	114	114	122	124	116	125	115	114	119	116	115	116	118	259	114	134
EPI_ISL_520624	112	24	43	116	117	10	158	7	26	20	18	18	16	14	62	208	20	14	12	2	8	4	312	105	9	287	75	215	12	237	296	33	4	251	10	64	10	35	241	18	251	230	67	13	5	256	95	6	185	17	241	133	205	34	24	13	20	13	14	20	60	245	27	27	26	29	294	37	55	34	13	3	21	111	0	9	8	12	5	10	15	12	9	5	4	4	12	14	6	17	5	4	9	6	5	6	8	150	4	24
EPI_ISL_519393	120	15	34	125	125	15	149	12	27	25	19	23	25	19	63	199	11	19	21	11	9	9	303	96	18	286	66	216	3	228	287	38	9	250	15	65	11	36	242	9	242	221	58	4	6	247	86	7	186	18	242	124	206	39	15	14	21	18	15	21	61	236	18	18	17	20	285	28	63	42	12	8	12	119	9	0	7	3	14	15	6	17	0	6	5	5	3	13	7	8	6	5	0	5	6	7	9	151	5	15
EPI_ISL_519418	115	22	41	120	120	12	156	7	26	24	18	22	24	18	62	206	18	18	20	10	4	8	310	103	17	285	73	215	10	235	294	37	8	249	14	64	10	35	241	16	249	228	65	11	5	254	93	6	185	17	241	131	205	38	22	13	20	17	14	20	60	243	25	25	24	27	292	35	58	41	11	5	15	114	8	7	0	6	13	14	13	16	7	5	4	4	10	12	6	13	5	4	7	4	5	6	8	150	4	22
EPI_ISL_519507	117	18	37	122	122	16	152	11	30	28	22	26	28	22	66	202	14	22	24	14	8	12	306	99	21	289	69	219	6	231	290	41	12	253	18	68	14	39	245	12	245	224	61	7	9	250	89	10	189	21	245	127	209	42	18	17	24	21	18	24	64	239	21	21	20	23	288	31	60	45	15	11	9	116	12	3	6	0	17	18	9	20	3	9	8	8	6	16	10	9	9	8	3	8	9	10	12	154	8	18
EPI_ISL_519632	117	19	38	121	122	15	163	12	21	25	13	13	11	9	57	203	15	9	7	7	13	9	307	110	4	292	70	220	17	242	297	28	9	246	5	69	7	40	246	13	256	225	72	16	10	251	100	11	180	12	246	128	200	29	19	8	15	8	9	15	57	250	22	22	21	24	289	32	60	39	8	8	26	116	5	14	13	17	0	5	10	7	14	10	9	9	11	9	11	22	10	9	14	11	10	11	13	145	9	19
EPI_ISL_519636	122	14	33	126	127	16	164	13	16	26	8	8	10	4	52	198	12	4	6	12	14	10	302	111	5	293	69	221	18	243	298	29	10	241	4	70	8	41	247	10	257	220	73	17	11	250	101	12	175	7	247	123	195	24	14	3	10	3	8	10	58	251	17	17	16	19	284	27	65	44	3	9	27	121	10	15	14	18	5	0	11	2	15	11	10	10	12	4	12	23	11	10	15	12	11	12	14	140	10	14
EPI_ISL_518911	126	11	30	131	131	21	155	18	23	31	15	19	21	15	59	195	7	15	15	17	13	15	299	100	12	290	62	222	7	234	289	34	15	246	11	71	9	42	248	5	248	217	64	8	12	243	92	13	182	14	248	120	202	35	11	10	17	14	11	17	59	240	14	14	13	16	281	24	69	48	8	14	18	125	15	6	13	9	10	11	0	13	6	10	11	11	3	9	11	12	10	11	6	9	12	13	15	147	11	11
EPI_ISL_518913	124	12	31	128	129	18	166	15	14	28	6	6	8	2	54	196	14	2	4	14	16	12	304	113	7	295	71	223	20	245	300	31	12	239	6	72	10	43	249	12	259	218	75	19	13	252	103	14	173	5	249	121	193	22	12	5	8	5	10	12	60	253	15	15	14	17	282	25	67	46	5	11	29	123	12	17	16	20	7	2	13	0	17	13	12	12	14	4	14	25	13	12	17	14	13	14	16	138	12	12
EPI_ISL_518914	120	15	34	125	125	15	149	12	27	25	19	23	25	19	63	199	11	19	21	11	9	9	303	96	18	286	66	216	3	228	287	38	9	250	15	65	11	36	242	9	242	221	58	4	6	247	86	7	186	18	242	124	206	39	15	14	21	18	15	21	61	236	18	18	17	20	285	28	63	42	12	8	12	119	9	0	7	3	14	15	6	17	0	6	5	5	3	13	7	8	6	5	0	5	6	7	9	151	5	15
EPI_ISL_518915	116	21	40	121	121	11	155	8	23	21	15	19	21	15	59	205	17	15	15	7	3	5	309	100	12	282	72	212	7	234	293	34	5	248	11	61	7	32	238	15	248	227	64	10	2	253	92	3	182	14	238	130	202	35	21	10	17	14	11	17	57	240	24	24	23	26	291	34	59	38	10	4	18	115	5	6	5	9	10	11	10	13	6	0	1	1	9	11	1	12	0	1	6	1	2	3	5	147	1	21
EPI_ISL_518930	115	20	39	120	120	10	154	7	22	20	14	18	20	14	58	204	16	14	16	6	4	4	308	101	13	283	71	211	8	233	292	33	4	247	10	60	6	31	237	14	247	226	63	9	1	252	91	2	181	13	237	129	201	34	20	9	16	13	10	16	56	241	23	23	22	25	290	33	58	37	9	3	17	114	4	5	4	8	9	10	11	12	5	1	0	0	8	10	2	13	1	0	5	2	1	2	4	146	0	20
EPI_ISL_518967	115	20	39	120	120	10	154	7	22	20	14	18	20	14	58	204	16	14	16	6	4	4	308	101	13	283	71	211	8	233	292	33	4	247	10	60	6	31	237	14	247	226	63	9	1	252	91	2	181	13	237	129	201	34	20	9	16	13	10	16	56	241	23	23	22	25	290	33	58	37	9	3	17	114	4	5	4	8	9	10	11	12	5	1	0	0	8	10	2	13	1	0	5	2	1	2	4	146	0	20
EPI_ISL_518968	123	12	31	128	128	18	152	15	24	28	16	20	22	16	60	196	8	16	18	14	12	12	300	99	15	289	63	219	6	231	286	35	12	247	12	68	8	39	245	6	245	218	61	5	9	244	89	10	183	15	245	121	203	36	12	11	18	15	12	18	58	239	15	15	14	17	282	25	66	45	9	11	15	122	12	3	10	6	11	12	3	14	3	9	8	8	0	10	10	11	9	8	3	8	9	10	12	148	8	12
EPI_ISL_519004	125	10	29	130	130	20	162	17	14	30	6	10	12	6	52	194	10	6	8	16	14	14	300	109	9	291	67	221	16	241	296	33	14	237	8	70	8	41	247	8	255	216	71	15	11	248	99	12	173	5	247	119	193	26	10	3	8	7	8	10	58	249	13	13	12	15	280	23	68	47	1	13	25	124	14	13	12	16	9	4	9	4	13	11	10	10	10	0	12	21	11	10	13	10	11	12	14	138	10	10
EPI_ISL_519185	117	22	41	122	122	12	156	9	24	22	16	20	22	16	60	204	18	16	16	8	4	6	310	99	13	283	73	211	8	233	292	35	6	249	12	62	8	33	237	16	249	228	65	11	3	252	91	4	183	15	237	131	203	36	22	11	18	15	12	18	58	239	25	25	24	27	290	35	60	39	11	5	19	116	6	7	6	10	11	12	11	14	7	1	2	2	10	12	0	13	1	2	7	2	3	4	6	148	2	22
EPI_ISL_519242	126	23	42	131	131	21	157	18	35	32	27	31	33	27	71	196	19	27	27	19	13	17	301	92	24	282	74	214	9	235	284	46	17	248	23	73	19	34	239	17	241	229	55	12	14	244	83	15	194	26	239	132	214	47	23	22	29	26	23	29	58	231	26	26	25	28	282	36	69	50	20	16	18	125	17	8	13	9	22	23	12	25	8	12	13	13	11	21	13	0	12	13	8	11	14	15	17	158	13	23
EPI_ISL_519243	116	21	40	121	121	11	155	8	23	21	15	19	21	15	59	205	17	15	15	7	3	5	309	100	12	282	72	212	7	234	293	34	5	248	11	61	7	32	238	15	248	227	64	10	2	253	92	3	182	14	238	130	202	35	21	10	17	14	11	17	57	240	24	24	23	26	291	34	59	38	10	4	18	115	5	6	5	9	10	11	10	13	6	0	1	1	9	11	1	12	0	1	6	1	2	3	5	147	1	21
EPI_ISL_519244	115	20	39	120	120	10	154	7	22	20	14	18	20	14	58	204	16	14	16	6	4	4	308	101	13	283	71	211	8	233	292	33	4	247	10	60	6	31	237	14	247	226	63	9	1	252	91	2	181	13	237	129	201	34	20	9	16	13	10	16	56	241	23	23	22	25	290	33	58	37	9	3	17	114	4	5	4	8	9	10	11	12	5	1	0	0	8	10	2	13	1	0	5	2	1	2	4	146	0	20
EPI_ISL_519245	120	15	34	125	125	15	149	12	27	25	19	23	25	19	63	199	11	19	21	11	9	9	303	96	18	286	66	216	3	228	287	38	9	250	15	65	11	36	242	9	242	221	58	4	6	247	86	7	186	18	242	124	206	39	15	14	21	18	15	21	61	236	18	18	17	20	285	28	63	42	12	8	12	119	9	0	7	3	14	15	6	17	0	6	5	5	3	13	7	8	6	5	0	5	6	7	9	151	5	15
EPI_ISL_519247	117	20	39	122	122	12	154	9	24	22	16	20	22	16	60	204	16	16	16	8	4	6	308	99	13	281	71	213	6	233	292	35	6	247	12	62	8	33	239	14	247	226	63	9	3	252	91	4	183	15	239	129	203	36	20	11	18	15	12	18	58	239	23	23	22	25	290	33	60	39	9	5	17	116	6	5	4	8	11	12	9	14	5	1	2	2	8	10	2	11	1	2	5	0	3	4	6	148	2	20
EPI_ISL_519321	116	21	40	121	121	11	155	8	23	21	15	19	21	15	59	205	17	15	17	7	5	5	309	102	14	284	72	212	9	234	293	34	5	248	11	61	7	32	238	15	248	227	64	10	2	253	92	3	182	14	238	130	202	35	21	10	17	14	11	17	57	242	24	24	23	26	291	34	59	38	10	4	18	115	5	6	5	9	10	11	12	13	6	2	1	1	9	11	3	14	2	1	6	3	0	3	5	147	1	21
EPI_ISL_519816	117	22	41	122	122	12	156	9	24	22	16	20	22	16	60	206	18	16	18	8	6	6	310	103	15	285	73	213	10	235	294	35	6	249	12	62	8	33	239	16	249	228	65	11	3	254	93	4	183	15	239	131	203	36	22	11	18	15	12	18	58	243	25	25	24	27	292	35	60	39	11	5	19	116	6	7	6	10	11	12	13	14	7	3	2	2	10	12	4	15	3	2	7	4	3	0	2	148	2	22
EPI_ISL_518394	119	24	43	124	124	14	158	11	26	24	18	22	24	18	62	208	20	18	20	10	8	8	312	105	17	287	75	215	12	237	296	37	8	251	14	64	10	35	241	18	251	230	67	13	5	256	95	6	185	17	241	133	205	38	24	13	20	17	14	20	60	245	27	27	26	29	294	37	62	41	13	7	21	118	8	9	8	12	13	14	15	16	9	5	4	4	12	14	6	17	5	4	9	6	5	2	0	150	4	24
EPI_ISL_518431	260	146	164	265	265	156	300	153	148	146	140	144	146	140	188	154	148	140	142	152	150	150	416	243	145	429	205	357	154	129	184	169	150	373	144	206	144	177	294	146	375	352	189	153	147	136	213	148	307	139	133	255	327	160	146	139	142	143	144	146	172	137	148	149	148	151	166	159	203	183	139	149	163	259	150	151	150	154	145	140	147	138	151	147	146	146	148	138	148	158	147	146	151	148	147	148	150	0	146	146
EPI_ISL_518508	115	20	39	120	120	10	154	7	22	20	14	18	20	14	58	204	16	14	16	6	4	4	308	101	13	283	71	211	8	233	292	33	4	247	10	60	6	31	237	14	247	226	63	9	1	252	91	2	181	13	237	129	201	34	20	9	16	13	10	16	56	241	23	23	22	25	290	33	58	37	9	3	17	114	4	5	4	8	9	10	11	12	5	1	0	0	8	10	2	13	1	0	5	2	1	2	4	146	0	20
EPI_ISL_518603	135	2	19	140	140	30	164	27	22	40	12	12	10	14	62	194	12	14	16	26	24	24	302	111	19	301	69	231	18	243	298	43	24	237	18	80	18	51	257	10	257	206	73	17	21	250	101	22	171	13	257	109	193	26	2	13	6	17	18	20	68	251	3	3	2	5	270	13	78	57	11	23	27	134	24	15	22	18	19	14	11	12	15	21	20	20	12	10	22	23	21	20	15	20	21	22	24	146	20	0
